slot,receiver_id,selected_pair,status,radial_command_m,angular_command_rad,consistency_rad
1,2,1-4,adjust,5.0,-0.03490658503988659,0.0747216697618592
1,3,1-4,adjust,5.0,-0.03490658503988659,0.12279226386818652
1,6,1-5,adjust,-5.0,-0.0013289671157682462,0.09275605358688342
1,7,1-5,adjust,-5.0,-0.005348327971152494,0.04558647656921467
1,8,1-5,adjust,1.1571700626167256,-0.008786109347724152,0.013906450311008962
1,9,1-5,adjust,5.0,-0.003606222546241885,0.013790133351601862
2,2,1-7,adjust,-1.8230927563763186,0.0307797127862593,0.007887587630576039
2,3,1-7,adjust,-1.9766041630503195,0.021082755849355723,0.0035684790730166546
2,4,1-7,adjust,-5.0,-0.01397537591119289,0.014307685888770608
2,5,1-7,adjust,5.0,-0.008641978284146668,0.025426197894977152
2,6,1-7,adjust,2.2429615968686325,0.011741538916275869,0.04368838975397296
2,9,1-8,adjust,3.6699521513487707,-0.007985579502684968,0.04915591058335209
3,2,1-4,adjust,1.4146281158092513,-0.03490658503988659,0.014533389906596172
3,3,1-4,adjust,1.4340189208288265,-0.015963495591269097,0.010724617925119152
3,6,1-5,adjust,-1.9455144554094792,-0.004003241832131124,0.01882567443491791
3,7,1-5,adjust,-2.467288972202725,0.018305926415499288,0.019413851089555352
3,8,1-5,adjust,1.133528698486577,0.013199368361707603,0.019041018622837993
3,9,1-5,adjust,0.28941528058752225,0.007898370563283397,0.019435506993918307
4,2,1-7,adjust,-1.9195455521434017,0.03490658503988659,0.0017289848653763338
4,3,1-7,adjust,-3.1059750372909534,0.03490658503988659,0.0017864199964520468
4,4,1-7,adjust,-2.9820728935557392,0.0186643927478941,0.004486126157563747
4,5,1-7,adjust,-2.519276814638313,0.006317943918587067,0.00873645691527853
4,6,1-7,adjust,-1.3476108312218171,-0.0022904768325692068,0.013910289089353314
4,9,1-8,adjust,0.5156937000916462,0.013459626260747677,0.01394346888125556
5,2,1-4,adjust,0.5177307282311122,-0.00013394341268536646,0.00683890736095657
5,3,1-4,adjust,0.559517106860266,-0.005672552991668157,0.010444485996880902
5,6,1-5,adjust,-0.8560946611907806,-0.000873848672700999,0.008725162601191879
5,7,1-5,adjust,-1.3671437952258851,-0.008624830318226398,0.004679892176299153
5,8,1-5,adjust,-0.46707115832681506,-0.004870498007918896,0.0018796980851607276
5,9,1-5,adjust,-0.49153124489796624,-0.01240626162162244,0.0014969702059298966
6,2,1-7,adjust,-0.09664385868884555,0.0022557561951436897,0.0003211388581525013
6,3,1-7,adjust,-0.11215023698688595,0.0012299299088108881,0.0013126517652753639
6,4,1-7,adjust,0.010248905075442858,-0.0009627518610879622,0.0017156490531412265
6,5,1-7,adjust,-0.6443707393078132,-0.0001259554887548039,0.0028248946286245713
6,6,1-7,adjust,-0.326169940415651,-0.0016597515542494349,0.005126403320221798
6,9,1-8,adjust,0.17113357763337905,0.004592573048407194,0.003691403349385794
7,2,1-4,adjust,0.11654749539357381,-0.004347216410994206,0.0018054872435650372
7,3,1-4,adjust,0.1402807575371799,-0.0018079983154123344,0.002728831030082127
7,6,1-5,adjust,-0.31878464916288857,0.0002952362005688088,0.0019690588245697585
7,7,1-5,adjust,-0.5068971407649682,-0.0030394339242900813,0.0008010374052815683
7,8,1-5,adjust,-0.21995180498409145,-0.0027590078666116496,0.00019311289706787441
7,9,1-5,adjust,-0.19953015321564255,-0.005735184831140057,0.00014179497309196786
8,2,1-7,adjust,-0.002550501544434453,0.00022255393384530006,0.0007933532361750785
8,3,1-7,adjust,0.05510891140324029,-0.0002548189234313623,0.00017051559412741018
8,4,1-7,adjust,-0.00895368870465095,-2.6113588274647557e-05,0.00010086829567776748
8,5,1-7,adjust,-0.09414354984079018,0.0011772263880109803,0.0005454478729067982
8,6,1-7,adjust,-0.07734202603308864,0.0007650035066879429,0.0008118390595170096
8,9,1-8,adjust,0.03988736685561254,0.0006136187060802908,0.001306857848162768
9,2,1-4,adjust,0.032540121891866725,-0.0006072602033583525,0.0003214830950821358
9,3,1-4,adjust,-0.04790535716941966,0.0009094126310993139,0.0011690985775843102
9,6,1-5,adjust,0.015818684028511474,-0.0004975886284588169,0.0013113044357028732
9,7,1-5,adjust,-0.016106201418952176,0.00045121176974545236,0.0009064623903808732
9,8,1-5,adjust,0.05321129904277192,0.000881141704116557,0.00043796570610619284
9,9,1-5,adjust,-0.005818147226316028,0.00044084455342461166,0.0001632160872679341
10,2,1-7,adjust,-0.031017312333271273,0.0013353078625663911,0.0003700719360615268
10,3,1-7,adjust,-0.026564770452092386,-0.0005814300014151923,0.00025241321765706327
10,4,1-7,adjust,-0.006846599384672181,0.0011723827445243825,0.0001893565543884154
10,5,1-7,adjust,-0.09848162270514103,-0.000572116856603581,0.0006762618367087614
10,6,1-7,adjust,-0.054693785377309095,-0.0005672718200866917,0.0003777061939903461
10,9,1-8,adjust,0.04835654861549892,5.359546725556938e-05,0.0007596580497427257
11,2,1-4,adjust,-0.029427557634983153,0.0002739930787868098,0.0017843670807366615
11,3,1-4,adjust,0.007859055566016659,0.00013388794836533915,0.0010813848863725987
11,6,1-5,adjust,-0.08084079123836178,0.0005053850858306408,0.0007715782853870701
11,7,1-5,adjust,-0.07692416608810312,-0.00030533554982360814,0.0012472151135541612
11,8,1-5,adjust,-0.054988967179241836,-0.001442388895505363,0.00039400520268664574
11,9,1-5,adjust,-0.08465188691548937,-0.0009838911458872619,0.0016448923586873916
12,2,1-7,adjust,0.04984896719536597,-0.0007016723150250276,0.0004063215175448727
12,3,1-7,adjust,-0.009551061384767839,-1.790077162301669e-05,0.0008649911572643968
12,4,1-7,adjust,-0.07032112166969486,-0.00010181659316069271,0.0007745418626245362
12,5,1-7,adjust,-0.0018297019148508628,0.0016280367587027755,0.0005436419846417984
12,6,1-7,adjust,0.048935848868406434,0.00013693312111598394,0.000499779390642291
12,9,1-8,adjust,0.02843265239252569,0.0004984311723127413,0.0011486982437465718
13,2,1-4,adjust,-0.03172895123564352,0.0011975243768978126,5.403051783448585e-05
13,3,1-4,adjust,-0.04162413320748141,0.000757037044325638,0.0009217277701578605
13,6,1-5,adjust,0.039281994364566225,-0.0007544834118701055,0.0008966722408132858
13,7,1-4,adjust,0.09907607095403256,-0.00027502983842352677,2.9300636014616387e-05
13,8,1-5,adjust,0.07772318150442126,0.0007334762614308624,0.00030237144296435574
13,9,1-5,adjust,0.044138815999474945,0.0009532229135426325,0.00027549300693474626
14,2,1-7,adjust,0.028182557711081326,-0.0008051423724127879,0.0001674754690817809
14,3,1-7,adjust,0.04943935340638416,-0.0012564674287617928,2.9619391460343164e-05
14,4,1-7,adjust,0.1130330866204273,-0.0009659751626731406,0.0007786757337432016
14,5,1-7,adjust,0.11043937096574119,-0.0014289549235576241,0.0004523994076004152
14,6,1-7,adjust,0.06306588508702012,0.0005409570617686111,0.00049820124531965
14,9,1-8,adjust,-0.009120377393235958,0.000657697451808296,0.0005293364563292195
15,2,1-4,adjust,5.678780542519567e-06,-0.0012212235660022076,2.4726629943885768e-05
15,3,1-4,adjust,0.03761255012216061,0.000548637488005624,0.000530840634121854
15,6,1-5,adjust,0.029357343982297425,-0.0001971695105500069,0.0006466221153419023
15,7,1-5,adjust,-0.04877612529229131,-0.00047467925450798553,7.777365946100105e-05
15,8,1-5,adjust,-0.07281092160178043,-0.0004992806733562446,1.5618943371258232e-05
15,9,1-5,adjust,-0.0084462815186414,-0.002229343332204219,0.00046901540233521634
16,2,1-7,adjust,0.014384445948085025,-7.953205714678661e-05,5.071460148971784e-05
16,3,1-7,adjust,0.009592992031862424,-0.0002729056898514552,0.0006607962558099959
16,4,1-7,adjust,0.005162737561225079,-0.0006500639872739256,0.00018959423039693446
16,5,1-7,adjust,-0.1069897856415801,0.0001296857382813315,0.00023945841428762334
16,6,1-7,adjust,-0.0763738471201636,-0.0003231158363766959,0.00027012027455363763
16,9,1-8,adjust,-0.03025337677510306,0.0006077663699306511,0.00033392342085561844
17,2,1-4,adjust,0.021395316440206744,0.00012873037761570357,0.0006746452020035095
17,3,1-4,adjust,0.018029002400272658,7.00758794249158e-05,0.0009569469540884391
17,6,1-5,adjust,-0.0700575858999292,0.00019623724634247532,0.0002767789122737584
17,7,1-5,adjust,-0.02887776084594688,0.00048069768686765545,0.0003386349665188895
17,8,1-5,adjust,-0.025915265788881706,-0.00014275557851901893,0.0005205486118337592
17,9,1-5,adjust,0.04031793995062615,0.0005557493856422045,9.768583030966465e-05
18,2,1-7,adjust,-0.07381604165181785,0.001315547274358218,0.0014527726289084153
18,3,1-7,adjust,-0.06077367421557115,-6.0145778706479704e-05,0.0008570722964026484
18,4,1-7,adjust,0.07213814249494835,0.001251634884749423,0.00016715770659011096
18,5,1-7,adjust,-0.029318626811161173,-0.001319663581609538,0.0002981767601452623
18,6,1-7,adjust,0.02934076758879098,0.00038093790808097714,0.0004818461948769755
18,9,1-8,adjust,-0.04063595361744642,-0.0010194546583937808,0.0016312976349267857
19,2,1-4,adjust,0.050884265504198785,-0.0008271991397906868,0.00034123735067962123
19,3,1-4,adjust,0.06633899756502565,-0.00013983013041035127,9.788385075788032e-05
19,6,1-5,adjust,-0.09391151671852287,0.00022689419729743775,0.0027992918932672655
19,7,1-5,adjust,-0.10318860182126634,-0.0007724243153390106,0.002102673000349981
19,8,1-5,adjust,-0.05284766058927225,-0.00110768091981207,0.00223722615522255
19,9,1-5,adjust,-0.017145234511747768,-0.0001956722120643014,0.0019525768018002717
20,2,1-7,adjust,0.0018418004063266635,-0.0015183940320195432,0.0013469453611903055
20,3,1-7,adjust,-0.006241258275943037,0.00016041271582793376,0.0012247243806568664
20,4,1-7,adjust,-0.053952618165049024,-0.0007396135832500228,0.001409163468424612
20,5,1-7,adjust,0.008812487193073416,0.002118793187754632,0.0015464363733257807
20,6,1-7,adjust,-0.018729390573855604,-0.0011957893901511844,0.0009404606286450083
20,9,1-8,adjust,-0.0257497786648451,-0.0012483123365351365,0.0008792476476740935
21,2,1-4,adjust,-0.010647123112861846,0.001707094345225167,0.0007089450601593333
21,3,1-4,adjust,0.009720906682822043,-0.0004163963204659161,0.0017586823810039984
21,6,1-5,adjust,0.08474301220720609,0.0014439856947543739,9.744436369118865e-06
21,7,1-5,adjust,0.14485418556220214,0.001144217587936914,0.0002450389925874325
21,8,1-5,adjust,0.1981727974106207,0.002393375117930913,0.0005707897186205893
21,9,1-5,adjust,0.1271781951472842,0.0035445338205341436,0.0006258337353023142
22,2,1-7,adjust,0.002838793055987181,-0.0007092674126159722,0.001473556978036921
22,3,1-7,adjust,-0.01179572213987492,-0.000153063343147077,0.00091060903695032
22,4,1-7,adjust,-0.03626372716937698,0.0003748114557132473,0.0001321317585171286
22,5,1-7,adjust,0.021017404928838072,-0.001068169224832353,0.00011028701181627601
22,6,1-7,adjust,0.03755356363947167,-0.0004086210562328359,0.0005865874135854337
22,9,1-8,adjust,-0.0007135053725105515,2.8813843381929375e-05,0.0009450382411840549
23,2,1-4,adjust,-0.00420000275834513,0.0007214945692647723,0.00020227956837661108
23,3,1-4,adjust,-0.03580371776529905,0.0006369260448840041,0.00046722040971781487
23,6,1-5,adjust,-0.007225074836547315,-0.0006251914460734838,0.0009476974434700235
23,7,1-5,adjust,-0.08462733879122919,-0.0002635998847277522,0.0007034246701433013
23,8,1-5,adjust,-0.13423756171056148,-0.0006098328794796848,0.0007932626099337321
23,9,1-5,adjust,-0.0331280389900258,-0.0015227546087624164,2.144396377915776e-05
24,2,1-7,adjust,0.018528641742985952,-0.00030473634802909226,0.00027020464379382274
24,3,1-7,adjust,-0.02390680896116323,5.441154422514356e-05,0.00025151868564074156
24,4,1-7,adjust,-0.012134648085133806,0.0003780596547780165,0.00019822945320978848
24,5,1-7,adjust,-0.09793547896721655,-0.00010605415111989615,0.00013844294622209922
24,6,1-7,adjust,-0.054500891963629484,0.0005589380537213478,6.532293471108763e-05
24,9,1-8,adjust,-0.036802978156993314,-0.00018169455855519622,0.00010853860264683033
25,2,1-4,adjust,-0.033613823121124,0.00013456121777016334,0.00047578106223225607
25,3,1-4,adjust,0.0007509389827045552,-0.00015996515632428723,0.0004053158504719258
25,6,1-5,adjust,-0.07872573736522259,-0.0001231134486240638,0.001890894700509038
25,7,1-5,adjust,-0.026303554854473887,-0.0017093890561046669,0.0022687645888745996
25,8,1-5,adjust,-0.012777381861079145,-0.001377995793928502,0.0014286317013036253
25,9,1-5,adjust,-0.05638374157940671,-0.0004310541235029147,0.0016829634438544243
26,2,1-7,adjust,0.05398130324188877,-0.0019608198646026117,0.0006717908238999989
26,3,1-7,adjust,0.12106169248543282,-0.0007106562946866089,5.4728671784014e-05
26,4,1-7,adjust,0.13711214550770628,-0.0008919795432194825,0.0005647836785415829
26,5,1-7,adjust,0.15494280826145063,0.0006058974032126958,0.0005224189133941065
26,6,1-7,adjust,0.08839732521712637,-0.0009904356649847118,0.00015045441899052203
26,9,1-8,adjust,0.021514559435853,-0.00044295694963374034,0.0006037476871790372
27,2,1-4,adjust,-0.00922326676898929,0.0009582279000926436,0.000828629118895387
27,3,1-4,adjust,-0.013216964489155828,-0.000528959252826577,0.0019110667908827093
27,6,1-5,adjust,0.07877700137674398,0.0010879154400944,0.0006747641735018098
27,7,1-5,adjust,0.09491606232141019,0.0020512042290333782,0.0003007619350558372
27,8,1-5,adjust,0.0710459700468158,0.0017836135925522376,0.0009645301184620083
27,9,1-5,adjust,0.06464038923907606,0.0013531765264165451,0.0002616870628797303
28,2,1-7,adjust,-0.04091795331748579,0.002028822987170155,2.7819792743705826e-05
28,3,1-7,adjust,-0.10146055196266446,0.0014577706374635626,0.00033799083148132263
28,4,1-7,adjust,-0.20051716167161723,0.0008484875177652294,0.0004775599633912696
28,5,1-7,adjust,-0.03393874260543181,-0.00013731259747187216,0.0004085288623486494
28,6,1-7,adjust,-0.03122141645344519,-7.182652860329386e-06,3.320543000997388e-05
28,9,1-8,adjust,-0.00021076775240100472,0.0004164302824221733,0.0002505894208325208
29,2,1-4,adjust,-0.01241751635815798,-0.0008507228941305926,0.0009133610282492643
29,3,1-4,adjust,-0.05672549889145746,0.0005595947223470434,0.001596889934311523
29,6,1-5,adjust,-0.0116803193620346,-0.0002749357042980482,0.0004209759004049165
29,7,1-4,adjust,-0.013503814158099016,-0.00035772884042003096,3.013735034803037e-05
29,8,1-5,adjust,-0.010300893779276506,-0.0009787240470043972,0.0004019471494545348
29,9,1-5,adjust,-0.024609842176750475,-0.001259489009756279,0.0006258673494750576
30,2,1-7,adjust,0.025925546662507612,4.964883880200497e-06,0.00034249557369612707
30,3,1-7,adjust,0.022721529902968846,-0.00018377222071121175,0.00024919876168774695
30,4,1-7,adjust,0.022696231293775307,-0.0010780335428836848,5.5649794559098395e-05
30,5,1-7,adjust,-0.03201638960943466,0.00011818038095139318,0.0006302611994432194
30,6,1-7,adjust,-0.00032615819179025035,0.0003037866001717421,0.0009827021900887304
30,9,1-8,adjust,-0.00405302358651177,0.0011702547929218483,5.048104643654706e-05
31,2,1-4,adjust,-0.01444798393571607,0.0005228173160680493,5.244524118568511e-05
31,3,1-4,adjust,0.0034448709104563597,-0.0004402711561023803,0.0001332084975897719
31,6,1-5,adjust,-0.04195588908007462,0.0009492331330097518,0.0009570493698145243
31,7,1-5,adjust,-0.02308061228151647,0.0001927518864374249,0.0007390956139403964
31,8,1-5,adjust,-0.00549844882546519,0.0010558245882848817,0.0006640651251937989
31,9,1-5,adjust,0.03312984383113661,-0.0004434351915018219,0.0008807156622736344
32,2,1-7,adjust,-0.01648811036838537,-0.0004805691369533759,0.0008592114164540096
32,3,1-7,adjust,0.05862670512796599,-0.0001497210868736186,6.129499670586555e-05
32,4,1-7,adjust,-0.024745534892424842,0.0011801574744137947,0.00012585146671880424
32,5,1-7,adjust,-0.01820361341843007,0.00016021902446659714,0.00016146795253088725
32,6,1-7,adjust,0.0025474403375035,-0.0009130764712190962,2.6202763621756727e-06
32,9,1-8,adjust,-0.00873200836930572,0.00016458662510163805,0.00042281137950468537
33,2,1-4,adjust,0.002482498242233541,0.0008157447440007936,0.00036961348021558423
33,3,1-4,adjust,-0.0781363065737304,0.0006795652978149385,0.0007504040698696211
33,6,1-5,adjust,0.025688881638465298,-8.120673412954454e-05,0.0007080076593830326
33,7,1-5,adjust,0.03656875821054762,-0.0008971983991630487,0.00011677427286159888
33,8,1-5,adjust,0.0024141083281845757,-0.0005436210756862524,0.0009580150115128232
33,9,1-5,adjust,-0.00939637344767573,-0.00011623769262669064,0.0007917279953689705
34,2,1-7,adjust,0.036089245874268275,-0.00200374253948169,0.0007647375870156001
34,3,1-7,adjust,0.061137785839690484,-0.0002820192979483329,0.0001165074805702314
34,4,1-7,adjust,0.009223984296734492,-0.001057814221153427,2.8235697307443784e-05
34,5,1-7,adjust,0.05992042449500169,-0.0007678673752712977,0.00015034507584600317
34,6,1-7,adjust,0.06537763049308702,-4.23018093118523e-06,0.0005425582645705232
34,9,1-8,adjust,0.012571939273805989,-0.00014473185214544768,1.2767818319286497e-05
35,2,1-4,adjust,-0.021454371604940056,0.0018700015657489178,0.0010447801628780294
35,3,1-4,adjust,-0.025654128169411726,0.0004358034862778045,0.0014179924701630889
35,6,1-5,adjust,-0.035376002910344116,-0.0005019120253844748,3.5027335297142585e-05
35,7,1-5,adjust,-0.05221517628204218,0.00013031879541229948,0.0004069829344066664
35,8,1-5,adjust,-0.05660198248497487,-5.013856919895484e-05,1.0564793757546869e-06
35,9,1-5,adjust,-0.06103639394613942,-0.0010069754280514736,0.0009287429394504538
36,2,1-7,adjust,0.01697775921008988,-0.0011632701263887147,6.992917387179945e-05
36,3,1-7,adjust,0.12431030430766746,-0.001872874672623734,0.0002368148056428696
36,4,1-7,adjust,0.09497237711342771,0.0005700472910517777,0.0006028666902416232
36,5,1-7,adjust,-0.01191182126590535,0.0006826194098357517,0.0008407149104669548
36,6,1-7,adjust,-0.033950991662993216,-0.0003484772172169406,8.604056172954585e-05
36,9,1-8,adjust,-0.0007023366384165262,0.0005738288064846099,0.0003165205089289316
37,2,1-4,adjust,-0.019604735528044613,9.273813089933906e-05,0.0008247578210250742
37,3,1-4,adjust,-0.08662278845049845,0.0014449943394698077,0.0004065636701304342
37,6,1-5,adjust,0.04906627762795423,0.0009328584980642323,2.6584526676193944e-05
37,7,1-5,adjust,0.09527070779199262,0.0002491322873232385,0.00026341510390339324
37,8,1-5,adjust,0.12034018313519951,-0.0002092030087200619,0.0002772016664839635
37,9,1-5,adjust,0.04689009605849552,1.896888700200966e-05,0.0006494056838524354
38,2,1-7,adjust,0.029433606879785173,-0.0007826331982354954,0.0003439616582470403
38,3,1-7,adjust,0.026244713121347494,-0.0005874902277654849,2.027642067212428e-05
38,4,1-7,adjust,-0.04952796806041192,-0.0006056271978372462,0.00030341203382780696
38,5,1-7,adjust,0.015290628646293027,0.0002887116823086638,0.0006074932259838274
38,6,1-7,adjust,0.006198497476910751,-0.0006132042671737665,0.0002397540226089391
38,9,1-8,adjust,0.029243720817186798,0.00175005144943973,0.0006219601089376371
39,2,1-4,adjust,-0.0036018297877465745,0.001313189259922374,0.000882694079420961
39,3,1-4,adjust,-0.00944461901204623,0.0002431401831804633,0.0006117150516901495
39,6,1-5,adjust,0.023821063210100787,-0.0005558751867136373,0.0008427767832984012
39,7,1-5,adjust,0.03513300790612062,-0.0002080920017991111,0.0013341666404317087
39,8,1-5,adjust,0.01743430611447444,0.0009016739079449158,0.0010721850227310586
39,9,1-5,adjust,0.003576242708647128,8.468919681257422e-05,0.0010844304542812321
40,2,1-7,adjust,0.014047269093321607,-0.0009624561078550773,0.0021149447625218713
40,3,1-7,adjust,0.012341122215509839,-0.00013001926962277164,0.000737088035928559
40,4,1-7,adjust,0.09401593287395557,0.00021416104762495732,0.0009076799987672398
40,5,1-7,adjust,0.0759465227166416,-0.0006225163747604828,0.001041926517090213
40,6,1-7,adjust,0.03704084226019651,0.0003809100235669683,0.0006389416495340338
40,9,1-8,adjust,0.021906839373898288,0.000943018075726633,0.0012615851270888405
41,2,1-4,adjust,0.007909642764957522,-0.0002866628667322362,0.0002168267162415134
41,3,1-4,adjust,0.0414570065923265,-0.000267358763821425,0.00037192406288365714
41,6,1-5,adjust,0.021429953146030484,0.0008249155218517622,0.0005274477546647803
41,7,1-5,adjust,-0.009177553081807156,0.0009058792358827905,0.0009160967253392051
41,8,1-5,adjust,-0.03831940797118032,-0.0007831181774195861,0.00016819273493534268
41,9,1-5,adjust,-0.03312498267077635,-0.0020726688043243187,0.0003585754816203197
42,2,1-7,adjust,-0.023926276078008898,0.0013297328564213038,0.00029414275729714286
42,3,1-7,adjust,-0.1351101342530673,0.0008704239515632868,0.0008004017633822894
42,4,1-7,adjust,0.007713279380259409,6.216331554544205e-05,1.424424428706919e-05
42,5,1-7,adjust,-0.07753463189939912,-0.0003223797223099515,0.0001345028667395675
42,6,1-7,adjust,0.006863066015036933,0.0008712307574791835,0.0003830654863962563
42,9,1-8,adjust,0.013290384563082092,7.402916587381667e-05,0.0004583508739147813
43,2,1-4,adjust,0.01289179359519671,-0.0016879515290739572,0.0005417287210233607
43,3,1-4,adjust,0.11587711612543415,-0.0016190984584753415,0.0007762734382290228
43,6,1-5,adjust,-0.10494668037088613,-0.0013372066498711884,0.00018956296903480316
43,7,1-5,adjust,-0.07310774188442189,-0.0007250655577864682,0.0004287011179972459
43,8,1-5,adjust,-0.04274474227371701,4.141717838725511e-05,0.00044854746946925274
43,9,1-5,adjust,-0.07293820739703934,-0.0008628940649530541,0.0006053117426675056
44,2,1-7,adjust,-0.005805326314064483,0.001261261236377302,0.00021602409305926997
44,3,1-7,adjust,-0.042551489389390816,0.0005669530878689729,3.0449486463479497e-05
44,4,1-7,adjust,-0.057399903188858924,0.0004341547976764573,0.00016047139989040912
44,5,1-7,adjust,0.004149705932405814,0.0012243978158642886,0.0004021966400477119
44,6,1-7,adjust,0.001083395455506758,0.00019708365499883886,0.00032333980087532186
44,9,1-8,adjust,0.03171796209902991,-0.00014227283213588194,0.0001512483662726264
45,2,1-4,adjust,-0.006789665939383299,0.0008391961306271227,0.000725002528335137
45,3,1-4,adjust,-0.021965920984798624,-6.1003835784258735e-05,0.0001705459662394361
45,6,1-5,adjust,0.021370939397034987,0.0006895124853781926,0.0004627954221222544
45,7,1-5,adjust,0.09367457766622558,0.0003174890990359641,0.00033932990575388013
45,8,1-5,adjust,0.025009262052238343,8.091789838835335e-05,0.00020433906944789803
45,9,1-5,adjust,0.052967587848044326,0.002265094613264734,0.0006905465454876293
46,2,1-7,adjust,-0.012192314612428926,-0.0008475337247259524,0.0003342213463746299
46,3,1-7,adjust,-0.03725433694050671,0.0006976415280170357,0.0001568069641641946
46,4,1-7,adjust,0.10477653103717893,-9.705237262677139e-05,0.0006620641908333424
46,5,1-7,adjust,0.04069197119589409,-0.0015111821951622525,0.0008252278268376609
46,6,1-7,adjust,0.0732042140223835,-0.0005452268103816935,0.00040369581077113266
46,9,1-8,adjust,-0.025914945807286954,-0.0005076646201898288,0.00043087871723900304
47,2,1-4,adjust,0.013133955548940375,-0.0005476541055894854,0.00027748721552060763
47,3,1-4,adjust,0.11424777977028262,-0.001725494664627369,0.0006588303371739251
47,6,1-5,adjust,-0.07403475718981273,0.0003641549044132164,0.001256370553737649
47,7,1-5,adjust,-0.12758985653370983,-0.00034063718857235014,0.0013906915949004279
47,8,1-5,adjust,-0.013342756910076081,-0.0005870551533350191,0.0004376206541473323
47,9,1-5,adjust,-0.00740937101768657,-0.0004733801765477185,0.00015985014145253898
48,2,1-7,adjust,-0.04351885252324927,0.00010259557442168989,4.490467219218156e-05
48,3,1-7,adjust,-0.024797119420435568,0.001380540217713093,0.00022063821715885597
48,4,1-7,adjust,-0.09743732954796006,-0.0001921220486252853,0.0005288339772177165
48,5,1-7,adjust,-0.07915144086866298,0.0011772589546565695,0.0001863827583756243
48,6,1-7,adjust,-0.06439705569832996,-0.001133210951960005,0.000895371866783489
48,9,1-8,adjust,-0.0060711715349792555,-0.0002972649646473984,0.0003611519011741136
49,2,1-4,adjust,0.03677057820295402,0.0006216698505875995,0.0006892768540324726
49,3,1-4,adjust,-0.05478206883681845,0.000329727404902285,0.0008844782236280861
49,6,1-5,adjust,0.019387435840420554,0.001200367054970673,0.00016906935843303276
49,7,1-5,adjust,0.03585251202293957,0.0008434669159342899,0.0002696262434101413
49,8,1-5,adjust,0.019229532029243095,0.0006567923924774982,0.00014439544600072777
49,9,1-5,adjust,-0.02352802805268761,-0.0001852298616450298,0.00034270587585855783
50,2,1-7,adjust,-0.04423643637472515,0.0007390922949171414,0.0003203843528139194
50,3,1-7,adjust,-0.0742174770543882,0.000818321290932636,0.0004171538848998221
50,4,1-7,adjust,-0.13923239578740115,0.00043532121637783835,0.0006026777277329022
50,5,1-7,adjust,-0.04999817966083252,-0.0003636237957753645,0.0001688292891973603
50,6,1-7,adjust,0.03867904822576338,-0.0005319746329628286,8.35805117975471e-05
50,9,1-8,adjust,0.045874642867413926,0.0006436750423324747,0.0003264867191517755
51,2,1-4,adjust,0.0010439798849573847,0.000738957377582099,0.0014534296484384908
51,3,1-4,adjust,0.0015069296231900006,-0.000378252670021209,0.0011964122159790452
51,6,1-5,adjust,-0.07508873766256813,-0.00012414297636720382,0.00012337936806987057
51,7,1-5,adjust,-0.08093944449491139,-0.001066600399314877,0.00048737524713133
51,8,1-5,adjust,-0.05710365340356291,-2.8238693020217167e-05,0.0001663075139026567
51,9,1-5,adjust,-0.04463064550430044,-0.00011780577194787791,0.0008254458380306981
52,2,1-7,adjust,0.042848726884000266,-0.0022898353120133926,0.00028232237122613804
52,3,1-7,adjust,0.0796483312435587,-0.0009778445176279018,1.6757505645874163e-05
52,4,1-7,adjust,0.09066621353629535,-0.00017863475945091006,0.00038400262704533405
52,5,1-7,adjust,0.07610035015744979,0.0008381709661583199,0.00027274267827776726
52,6,1-7,adjust,-0.016580081250029133,-0.0006557894821345817,0.0001281187836288318
52,9,1-8,adjust,0.0001851294635287956,-0.0009050550515881464,0.000602781037741262
53,2,1-4,adjust,-0.0355371768615813,0.0009035638675243065,0.0008411229213270669
53,3,1-4,adjust,-0.05795528254125633,0.0002800438040592093,0.0002932550896814599
53,6,1-5,adjust,0.12360827658664238,0.0009929206602698934,0.0007005139546179521
53,7,1-5,adjust,0.19225053834882538,0.00047747902244512047,0.000907986716009734
53,8,1-5,adjust,0.11389647702051547,0.0009908310206090591,0.0006359824438439203
53,9,1-5,adjust,0.02275372931733217,0.0008489176780201725,5.950251003949787e-05
54,2,1-7,adjust,0.00017138464602834428,5.503419610669462e-05,0.0005381122382894792
54,3,1-7,adjust,0.1568953783869958,0.0005927896920607515,0.00041269178163332845
54,4,1-7,adjust,0.0007585834814992011,-0.0003767979267856153,0.001197904461422383
54,5,1-7,adjust,0.1392025238479962,-0.0006165165377491002,0.001615092917201976
54,6,1-7,adjust,0.08791839353183115,-0.00015921856692886207,0.0014360046209947464
54,9,1-8,adjust,0.05578509037919245,0.0014339288103553019,0.001389137657709504
55,2,1-4,adjust,0.013100764798753684,1.099538696433865e-05,0.0011765874824309478
55,3,1-4,adjust,-0.12213794195011657,-0.001293606129323923,0.0013739192833233868
55,6,1-5,adjust,0.01957439379150922,0.00042884273651976225,0.00196354793104172
55,7,1-5,adjust,-0.05680314455475164,0.0006692012329833844,0.0013930127889404552
55,8,1-5,adjust,0.007021765516205243,0.00028854380585584906,0.0015512823525533062
55,9,1-5,adjust,-0.05249183448522763,-0.00096670297862298,0.00024638239936344397
56,2,1-7,adjust,-0.010428956285512414,0.00021888079058190533,0.001055685356121319
56,3,1-7,adjust,-0.01886303685138042,0.0015398377969660535,0.0013886948403832797
56,4,1-7,adjust,-0.04594143719696854,0.0005654551130361621,0.0012715333868927052
56,5,1-7,adjust,-0.1372502605195518,-0.00048467244961698694,0.00027677134364530805
56,6,1-7,adjust,-0.15483839908187402,-0.0007567455403684272,0.000962621095193653
56,9,1-8,adjust,0.0654911987531338,0.0013499237583309226,0.001129764629228576
57,2,1-4,adjust,-0.0102319700877819,0.0005802843711244553,0.001844242257046278
57,3,1-4,adjust,-0.03158665484465457,-0.00041215555648176907,0.0018594342659576208
57,6,1-5,adjust,-0.018054770549266616,8.973268650574127e-05,9.531773241140543e-05
57,7,1-5,adjust,-0.04819244745246329,-0.0003974673452200146,0.0002478531964926201
57,8,1-5,adjust,-0.12674208872042184,-0.0011546313436086662,0.000255020860776596
57,9,1-5,adjust,-0.08852382099010896,-0.003103694728574052,0.0012473032085725296
58,2,1-7,adjust,0.039494892977578286,-0.0009380553966443119,6.052117002466641e-05
58,3,1-7,adjust,0.048135536868142925,0.00048390667560390977,0.00037935901402492457
58,4,1-7,adjust,0.0494246839497111,-0.0006174863071642685,0.00012157827187517413
58,5,1-7,adjust,-0.0010951956600269322,0.000642338783007765,7.189633546228369e-06
58,6,1-7,adjust,0.0215781317902709,-0.00027563540369523245,0.00047540234360484443
58,9,1-8,adjust,-0.0031735200444334357,0.00010788542467755637,0.000808976936858128
59,2,1-4,adjust,0.011464671322657894,0.0002578027030547756,0.0006331634151157917
59,3,1-4,adjust,-0.007098338551176318,-0.0011903896351856697,0.0011909425759391867
59,6,1-5,adjust,0.00484902730356326,0.0008063304112798178,0.0006328947852820639
59,7,1-5,adjust,-0.008828643411544568,-0.0010304035398650436,0.0008771950072622252
59,8,1-5,adjust,0.07331708915297991,0.0009851516992604994,0.001076229799737375
59,9,1-5,adjust,0.012385264775331752,0.0012067545400247556,0.0007012717116877667
60,2,1-7,adjust,0.00921723570949832,-0.00028251750888139593,0.0012837743446147435
60,3,1-7,adjust,0.11134673238891395,-0.0008061442091677876,0.0023583624777389115
60,4,1-7,adjust,0.11610929725915614,-0.0002142990168208665,0.002010860474772164
60,5,1-7,adjust,0.012162830724118301,-6.228398615904882e-05,0.0012605924286268183
60,6,1-7,adjust,-0.001555854240502907,-0.00025768016910903313,0.001534156616583244
60,9,1-8,adjust,0.045662109827481485,0.0003971756338049346,0.0018639630941057763
61,2,1-4,adjust,0.025023799298949625,-0.0006566316343561502,0.0014852594585155988
61,3,1-4,adjust,-0.003399541702838178,0.0009759814823155329,0.0023236837437795163
61,6,1-5,adjust,0.011061792130118566,-0.0006421924922287231,0.000720656695048249
61,7,1-5,adjust,0.05983642169110109,0.0017450142366085659,0.0007863661566231439
61,8,1-5,adjust,-0.03776491909924986,-0.0009732752973819332,0.00032785296782794247
61,9,1-5,adjust,-0.016480654208818436,-0.0002538567468950059,0.000827876763669539
62,2,1-7,adjust,-0.06433695952743425,0.0016651487875673843,0.00042817647872169033
62,3,1-7,adjust,-0.13966426951098854,0.0005943233131312888,0.00011414242256909052
62,4,1-7,adjust,-0.13774377510692212,0.0006175616790100386,8.581330134566729e-05
62,5,1-7,adjust,-0.027739554154579776,-1.9648214431901244e-05,0.0003770669195002325
62,6,1-7,adjust,0.004753775873778915,0.0013066183427495775,0.0004085801416294686
62,9,1-8,adjust,-0.02390912683918769,-0.000596965455188814,0.001686834975318937
63,2,1-4,adjust,-0.03656770368296538,-0.00040730026961890054,0.0004324886212392635
63,3,1-4,adjust,0.01494485814539979,0.00078989638735803,0.0003863303648163477
63,6,1-5,adjust,-0.06601757578858479,-0.0004694014374355919,0.0003018830984550069
63,7,1-5,adjust,-0.0111738234117276,-0.0010687073731215798,0.0001149504974396952
63,8,1-5,adjust,0.016346877772772384,9.239864159244847e-05,0.0005972574911111831
63,9,1-5,adjust,0.01793886575754361,0.00034811143456075344,0.0001978537942729667
64,2,1-7,adjust,0.05368326504937869,-0.0009384350746299703,0.00034941150060871674
64,3,1-7,adjust,0.05617201820383371,-0.0008936848990605783,0.00021476887905049955
64,4,1-7,adjust,0.12572440261330406,-0.0010967653594078624,0.00027147093396539716
64,5,1-7,adjust,0.048734969554642266,-0.0005886939100006511,0.00013839017109988644
64,6,1-7,adjust,0.10448398272091436,0.00043852874469876656,0.00021598921823798794
64,9,1-8,adjust,-0.011658904153450132,0.0006811014438013103,0.00012746116277576085
65,2,1-4,adjust,0.04612664695575422,-0.0013967101781580454,0.0011704731267868423
65,3,1-4,adjust,0.0714582058520526,-0.0015464250618241716,0.0011641046781450722
65,6,1-5,adjust,-0.03970796971722395,-0.0006958078851719178,0.00033880754221104765
65,7,1-5,adjust,-0.03682879220095746,0.0001956928445568643,0.00019228692697876142
65,8,1-5,adjust,-0.06724376429468679,-0.0013201991867434662,0.0004222033778823657
65,9,1-5,adjust,-0.007633940186576549,-0.001183493216481202,0.00038711735055454587
66,2,1-7,adjust,-0.05040714749810632,0.001733000360111808,0.00175334269340385
66,3,1-7,adjust,-0.1041879019524514,0.0010697199272923733,0.0013325761315203415
66,4,1-7,adjust,-0.10759540295195304,0.000728082653167847,0.0007958149912065684
66,5,1-7,adjust,-0.09855144365606588,0.00042664547908762734,0.000408733396769267
66,6,1-7,adjust,-0.002038131416484731,-8.594803141151558e-05,0.00038634357581524497
66,9,1-8,adjust,-0.03800459644475953,-0.00087114641344064,0.0019597681376119125
67,2,1-4,adjust,-0.007723153807418825,0.0006856807820622459,0.00045720365809884223
67,3,1-4,adjust,0.02010809751722268,0.0003790533635525589,0.0005999196727475303
67,6,1-5,adjust,-0.10075803042240444,1.270049747010987e-06,0.00011614440844877859
67,7,1-5,adjust,-0.08503955187337502,0.000231463807156967,0.00036558270837077825
67,8,1-5,adjust,0.0638207319138556,0.0005449918950040638,0.00011725615128885777
67,9,1-5,adjust,0.030725946696259426,0.0010632825485107644,0.00012455311461131175
68,2,1-7,adjust,-0.0024371743282057337,0.00010654946094348672,0.0009070493511484472
68,3,1-7,adjust,-0.007609255546068507,-0.00014390747673882713,0.001174127687029261
68,4,1-7,adjust,-0.07686859185953171,0.0007080541412420669,0.00154320633119152
68,5,1-7,adjust,-0.05542483135462223,-0.00033622738452036285,0.0006224075868959951
68,6,1-7,adjust,-0.018301346863015686,-0.0007022168506156567,0.0006725845853666356
68,9,1-8,adjust,0.020997797837833353,-0.00012274548894553814,0.0005378328077502373
69,2,1-4,adjust,-0.01550918024251387,0.00036423693295714333,0.0003579944414937609
69,3,1-4,adjust,-0.06803431844327616,0.0006650015743296141,0.00037779493229155703
69,6,1-5,adjust,-0.018127847725338774,0.0004310730726474516,0.0007883641623653841
69,7,1-5,adjust,-0.037021959377698734,-0.0009845829338781004,0.0009039856253467978
69,8,1-5,adjust,-0.02213076404985083,-0.00070627602081669,0.0008512964508613694
69,9,1-5,adjust,-0.029546635722224508,-0.0005204241728333898,0.001306040795513403
70,2,1-7,adjust,0.031047300732509834,-0.0015029114851776836,0.0007458004858638678
70,3,1-7,adjust,0.10111271893780514,-0.0014775657046646048,0.0005014520641950835
70,4,1-7,adjust,0.02088195532953374,-0.0010299039851039203,0.0009200110860815231
70,5,1-7,adjust,0.05285893756318378,-0.00011430982950561594,0.000964080056189996
70,6,1-7,adjust,0.034551157104671784,0.00015054618130829563,0.0012602650988717283
70,9,1-8,adjust,0.004421908328244966,0.00031593245918373536,0.00020115445657575257
71,2,1-4,adjust,-0.013382872016348513,-1.0453865653300172e-06,0.00012282065535379103
71,3,1-4,adjust,-0.050387697504057034,0.0010471614690083422,0.00014788985861498695
71,6,1-5,adjust,-0.004240821463680157,0.0009235469356829015,0.0007102813471999869
71,7,1-5,adjust,0.06558578323883926,0.0005411781931381874,0.0002956024781389551
71,8,1-5,adjust,-0.06171122663665899,0.0009072035104417634,0.0002662302159193446
71,9,1-5,adjust,0.011620600985649739,0.00016475702286225747,0.00012898013812655013
72,2,1-7,adjust,0.037933459911085314,-0.00042146304277073597,0.0005334098141835901
72,3,1-7,adjust,0.06547023052477652,-0.0005233673490921341,0.0009598340547716499
72,4,1-7,adjust,0.04988061099799911,0.0013781547661184655,0.0006043124995964722
72,5,1-7,adjust,0.009865470870801904,0.000866351065942926,0.0003659070379646747
72,6,1-7,adjust,0.027715339556874757,-0.0014163049796145546,0.0008588128254206118
72,9,1-8,adjust,-0.04061406783949398,-0.0017906143015425818,0.0012665780308591828
73,2,1-4,adjust,-0.0742986611272736,0.0013603512817626517,0.0005498626639275577
73,3,1-4,adjust,-0.09011629933370587,0.0008681482436475703,0.0007813758672789295
73,6,1-5,adjust,0.030272995212887635,0.000637007189734464,0.0007819289464487815
73,7,1-5,adjust,0.06839037520690763,-0.00022446046570757762,0.0007908797166535188
73,8,1-5,adjust,0.11150238183625516,0.0009480523538302566,5.586159050391044e-05
73,9,1-5,adjust,0.058176288751123746,0.0019851050624444654,0.0005461144032893502
74,2,1-7,adjust,0.04240301986526649,-2.8805761340404745e-05,0.0006509251060336992
74,3,1-7,adjust,0.0424069516301362,-0.0005133258385770413,0.0008763100278802248
74,4,1-7,adjust,0.043418646671687225,-0.0012113743310750407,0.0007748893464740546
74,5,1-7,adjust,0.051462006007366896,-0.0005520188897528488,0.000974868954789937
74,6,1-7,adjust,0.07468885243705471,2.0592938919915557e-06,0.0005588432381192092
74,9,1-8,adjust,0.0006843278856599564,0.0007181209793662075,0.0012287105373363389
75,2,1-4,adjust,0.035315620859565626,-0.0007990656010612665,0.0006098121830471303
75,3,1-4,adjust,0.04394091708477954,-0.0008447050206333766,0.0007392488759293392
75,6,1-5,adjust,-0.06041259211540352,0.0006599848457993472,0.00011598307061475461
75,7,1-5,adjust,-0.017934977376036512,-0.0002562475468276476,0.0007532222738658948
75,8,1-5,adjust,-0.07385838888053745,0.0003499766854724637,0.0004883321286929715
75,9,1-5,adjust,-0.011334712269025892,-0.0003397175789635046,0.0006886080077983789
76,2,1-7,adjust,-0.023642078545587062,-9.808545808702451e-05,0.001687891667938674
76,3,1-7,adjust,0.01015449930220331,-1.2825102066308167e-05,0.0010259536628368215
76,4,1-7,adjust,0.016637632184578366,0.0006404806986313539,0.001454036009450389
76,5,1-7,adjust,0.058377432288474904,-0.00037042335688295693,0.0011346480954978575
76,6,1-7,adjust,0.03690626350411239,-0.0007148385296129279,0.001308563394049954
76,9,1-8,adjust,-0.004327603394642997,0.00024859453179514897,0.00018696425478316995
77,2,1-4,adjust,-0.019389221175098795,0.000385105928589455,0.0002506029919556654
77,3,1-4,adjust,-0.01818275664571351,0.000299118066281873,0.0006259417984460788
77,6,1-5,adjust,-0.006594161081423971,0.00023296544279328334,0.00013043677773825072
77,7,1-5,adjust,-0.01317968767816549,0.0007862294114724572,0.00037569233025213066
77,8,1-5,adjust,0.10559049846983788,-0.0013331992336831158,0.0001610128481116811
77,9,1-5,adjust,-0.011417445598375348,-0.0007102295294136705,0.0006078162242593771
78,2,1-7,adjust,-0.006698945629837386,0.00043150430220318824,0.0005228648452850484
78,3,1-7,adjust,0.0004744305270141535,0.0004976409341857237,0.0010046062888904546
78,4,1-7,adjust,-0.07587112204481697,-0.00012132825610423136,0.00016977357266361387
78,5,1-7,adjust,-0.08597309452055298,0.0010164988238360309,0.0006558460856457543
78,6,1-7,adjust,-0.05381000775205169,4.451063780103907e-05,0.0005147878304862534
78,9,1-8,adjust,0.04213018144355824,0.0017633846038836688,0.0012131799971574655
79,2,1-4,adjust,-0.0017099370507521517,-0.0001158854879044283,0.0004473508731290387
79,3,1-4,adjust,-0.09027029534425207,0.00011095513347516583,0.0008495324333183631
79,6,1-5,adjust,0.016895788768016014,-0.00035569994947698695,0.0006855170224439477
79,7,1-5,adjust,0.03926913338897326,0.0002112212634313367,0.0005412858978206268
79,8,1-5,adjust,0.008892535139072089,0.0009307982615357162,0.0005450438450149433
79,9,1-5,adjust,0.0006045292695983483,-0.0013059591569709557,0.00010549309025553987
80,2,1-7,adjust,-0.0052741066345388535,0.0005650750286712028,9.365794252838202e-05
80,3,1-7,adjust,0.06367057318375707,-2.6393147648643453e-05,0.0003792925568715405
80,4,1-7,adjust,-0.0268391125365344,-0.0008584592957749847,0.0007486965663515356
80,5,1-7,adjust,0.02556249332879155,-0.0013859706936175597,0.0006553686935661274
80,6,1-7,adjust,0.0007485911089071416,3.747058312288422e-05,0.00030691127883657654
80,9,1-8,adjust,0.02488007380775418,0.0010886120994041105,0.0005416646569308899
81,2,1-4,adjust,0.04368164116816332,-0.0011651503250697688,0.0008726293450337319
81,3,1-4,adjust,-0.02377304796525904,0.00035357493262184363,0.0011841072557433779
81,6,1-5,adjust,-0.006721345777149762,-2.6875137887668056e-05,0.0009690248510670106
81,7,1-5,adjust,-0.0791725172371433,-0.0006785633303786906,0.0006404693678904468
81,8,1-5,adjust,-0.17728815721760124,-0.0009720812624758765,0.0004193170261941147
81,9,1-5,adjust,-0.06039911969259646,-0.001475366832016183,0.0002579527207418835
82,2,1-7,adjust,-0.011349267372589057,-0.0003289919055804648,0.0004745170600169254
82,3,1-7,adjust,0.00778072527072574,-0.0004679020070738314,0.0003036855366833591
82,4,1-7,adjust,0.05805616995292385,0.00014115917935901434,0.00019963500501014462
82,5,1-7,adjust,0.05118517607457154,0.0003596193800932124,0.00038224607427895065
82,6,1-7,adjust,-0.016186858681433016,6.305937547478487e-05,0.000967076673706462
82,9,1-8,adjust,-0.043610118227798256,-0.002183247371104263,0.0018994026372040895
83,2,1-4,adjust,0.03465682018320963,0.00029098001339568575,0.00011489023033412628
83,3,1-4,adjust,0.04366611095843874,-0.0003165023178894751,0.00017082447462839573
83,6,1-5,adjust,0.05393182803446142,-0.0005483702969360837,0.0008034989072243273
83,7,1-5,adjust,0.10358716578163012,-0.0002517826641344075,0.0006611306686230074
83,8,1-5,adjust,0.1422298406851858,0.0010661002244405087,0.0012913215841258844
83,9,1-5,adjust,0.04650891532735578,0.002333831759120309,0.00025760053357811916
84,2,1-7,adjust,-0.025427545018227866,-0.0003416594216007778,0.0013307447028301758
84,3,1-7,adjust,0.0180467076985163,-0.00035379781548447036,0.001058790428230923
84,4,1-7,adjust,0.08468383109218872,0.0003994740359684327,0.00044313115796163155
84,5,1-7,adjust,0.0388004170961911,-0.0002643468855648147,0.001098023654249717
84,6,1-7,adjust,0.08730306071140197,0.0014969581967010249,0.00044467145884934106
84,9,1-8,adjust,0.02802453983511578,0.0006470511257058327,0.00010246139104730888
85,2,1-4,adjust,0.007992743211526446,0.000504767812214908,0.0005968108217344693
85,3,1-4,adjust,-0.002697683791690675,-0.00024608509797382165,9.856019734787771e-05
85,6,1-5,adjust,-0.04135533169493761,-0.00019882912461524437,0.0003876863006178119
85,7,1-5,adjust,-0.03710226290924982,-7.815956588577881e-05,0.00033966944202939916
85,8,1-5,adjust,-0.05924297049956521,-0.0008256641704562486,0.00014390724113928487
85,9,1-5,adjust,-0.056602000089631274,-0.001082760385748945,0.0009403086689530112
86,2,1-7,adjust,-0.024777081646509956,-0.0010353074057599728,9.075841034055965e-05
86,3,1-7,adjust,-0.0046332987045017504,0.0005147911264012659,0.00028535149858955743
86,4,1-7,adjust,-0.008748824535239537,-0.0001818246089227485,0.00039237561030220735
86,5,1-7,adjust,-0.013105829924422526,-0.0004612067640747651,0.0010764702378154626
86,6,1-7,adjust,0.008600350730564133,3.749878992810795e-05,0.0006210363733252724
86,9,1-8,adjust,0.01685306611560995,0.00014740079577189028,0.0003053502642536923
87,2,1-4,adjust,0.03715220325382877,0.00038151198057041394,0.0005156942642369117
87,3,1-4,adjust,0.0016196894289642622,-0.0009110859302066604,0.00042758667071018453
87,6,1-5,adjust,-0.052200494957752766,0.0002800608510370944,0.0004648086639166161
87,7,1-5,adjust,-0.05543828777185267,0.000524726002652686,0.00022926974401233212
87,8,1-5,adjust,0.03519084656400339,-0.00027253013797691683,0.00048520335428974166
87,9,1-5,adjust,0.011905377613085952,-0.00023265495022088028,0.0002692960535636935
88,2,1-7,adjust,-0.009894973570972597,5.6240903589627346e-05,0.00014289668315392576
88,3,1-7,adjust,-0.045923129688059325,0.0019332522448025783,0.0007086662915873368
88,4,1-7,adjust,-0.09461863648618427,0.000704224524644127,0.0002792509620537523
88,5,1-7,adjust,-0.06642625870346039,0.0013528239402150193,0.00015854750597346542
88,6,1-7,adjust,-0.052387667880387914,-0.0010577576542479036,0.0005374902202107912
88,9,1-8,adjust,0.017161684741561916,0.0012093147435377346,0.0015257566893448898
89,2,1-4,adjust,-0.04742072111926761,0.0014159897571795002,0.0006965277647770522
89,3,1-4,adjust,-0.0372497395683007,-0.0007786759460102182,0.0007042771497898951
89,6,1-5,adjust,0.05540034998266522,-0.0002455079825022615,0.0002454306165586622
89,7,1-5,adjust,-0.026358161287026952,0.0007369287011416531,0.0005414165416110605
89,8,1-5,adjust,0.06610824599907354,0.0007381909930970286,0.0002752558252872115
89,9,1-5,adjust,-0.009935608443073384,0.000173904900689924,0.0005536664165175899
90,2,1-7,adjust,0.027574831169365273,-0.0006871140569652173,0.00011861073856227639
90,3,1-7,adjust,-0.0628239068989974,0.0011509229224448002,7.892194324072356e-05
90,4,1-7,adjust,-0.020169407712935367,0.0003575148442151448,0.00010775550464437371
90,5,1-7,adjust,-0.11739123182658362,-0.0006715192662852683,0.00018857024061004197
90,6,1-7,adjust,-0.150915091779327,0.0004651466070873027,0.0021271557238007363
90,9,1-8,adjust,0.05532711509082663,0.0006157326992990604,0.0017266138559246136
91,2,1-4,adjust,-0.047562032411337746,0.0014207792809921918,0.0007958456716139974
91,3,1-4,adjust,0.052289798995839916,9.797053050347631e-05,0.00043537755364184724
91,6,1-5,adjust,0.03280150228763224,-0.0005427182017663962,0.0015133521384981914
91,7,1-5,adjust,-0.004113934237026295,-0.0016424313076985595,0.001791139245399102
91,8,1-5,adjust,-0.1412401847393084,-0.0008462670909802573,0.0014866825127926025
91,9,1-5,adjust,-0.08093775610985314,-0.0022891029140116106,0.0016785645426784209
92,2,1-7,adjust,0.09281634947202617,-0.0032498579417894885,0.0003858880445366215
92,3,1-7,adjust,0.13130189736404463,-0.0014425035887824,0.00041345655842670205
92,4,1-7,adjust,0.1302901997345036,-0.0008421659489954163,0.00013725024861346388
92,5,1-7,adjust,0.09596169309541025,-0.00021883390629006953,5.795543479418191e-05
92,6,1-7,adjust,0.07050443580244291,0.0005558389424525267,0.0005330857924681345
92,9,1-8,adjust,-0.01841857617436882,-0.0007671253848759598,0.0003553976565898514
93,2,1-4,adjust,-0.028308033043006206,0.000666392857041607,0.00039343274486613864
93,3,1-4,adjust,-0.011459621579868746,-0.000777008442943406,0.0001668622290804312
93,6,1-5,adjust,0.0052764304917071484,-0.0006920146786517468,0.0011214330179935945
93,7,1-5,adjust,0.01823510969177812,0.0002910868865116719,0.0008976823521297474
93,8,1-5,adjust,0.029518652041547057,-0.0005029752373480069,0.0002524650612496471
93,9,1-5,adjust,0.03043853848093899,0.0010527730500046952,1.9171233466731685e-05
94,2,1-7,adjust,0.011501599985176114,0.0008703633440582597,0.001086727261535396
94,3,1-7,adjust,-0.06925629829105832,0.0011613248873585894,0.0006082137108406783
94,4,1-7,adjust,-0.0985250015758679,0.000230393534841754,0.0006791594548756098
94,5,1-7,adjust,0.06931926868276594,0.0008316413210197115,0.0001659666085740935
94,6,1-7,adjust,-0.0074205095109054165,-6.882186190895347e-07,0.0006574596258083361
94,9,1-8,adjust,-0.005745726070678489,-0.0006576581317126213,0.00028881361914400534
95,2,1-4,adjust,-0.043031882198118446,3.8651157708974955e-05,0.0005667012313224435
95,3,1-4,adjust,-0.019861801233293307,-0.0002062112094205479,0.00021139875902932985
95,6,1-5,adjust,0.07527715914624376,3.514614307069942e-05,0.0005416174429899408
95,7,1-5,adjust,0.07112985552960484,0.0003800204024296248,0.0004796194209710698
95,8,1-5,adjust,0.038767025375676674,0.0007848731680108073,3.9151870436035964e-05
95,9,1-5,adjust,0.03393704388952349,0.0013028268562309728,0.0002491687924234078
96,2,1-7,adjust,0.04903595743180984,-0.00017920477152993445,0.0005029700551300907
96,3,1-7,adjust,0.04224092747209262,0.0006788663153388519,0.0003132133196956674
96,4,1-7,adjust,0.11655016827604632,-0.0010376544399528964,0.000613454234940977
96,5,1-7,adjust,-0.057226655176777656,-0.0007424421682388568,3.828269459161119e-05
96,6,1-7,adjust,0.02954429681163436,0.0010496701293134846,7.521680024363937e-05
96,9,1-8,adjust,-0.015041407052612608,0.00019074555067646225,0.0003651994074251699
97,2,1-4,adjust,-0.020118249653094975,-0.0007290956466552058,0.0006777287254572846
97,3,1-4,adjust,0.06474244460620801,-0.002061040865309867,0.0026992784853597323
97,6,1-5,adjust,-0.09014628978450095,-0.0010557892875368185,0.0008095009459275002
97,7,1-5,adjust,-0.09666556837525112,0.00042938453694823473,0.00031565760550183574
97,8,1-5,adjust,-0.028487153877352636,0.00048093533936977224,0.00037489298795347466
97,9,1-5,adjust,-0.02374314054558977,-0.0008235662128774266,0.0005517183469032046
98,2,1-7,adjust,-0.05683152724656296,0.0013431656923400272,0.00015970304067748316
98,3,1-7,adjust,-0.1284876744085206,0.002271870902837868,5.925608233667255e-05
98,4,1-7,adjust,-0.20433688027056435,0.0011960055890623386,9.545984080778511e-05
98,5,1-7,adjust,-0.1366889729492059,6.066346921962265e-05,0.0005245054354724107
98,6,1-7,adjust,-0.07913251111894161,-0.00029853947841647366,1.2001260487183146e-05
98,9,1-8,adjust,0.004132879476459186,0.00024257096824725763,0.0001493340244683683
99,2,1-4,adjust,0.01258336136547797,-0.00011432457487238964,0.00010880702004055022
99,3,1-4,adjust,-0.043065771819493615,-0.0001897304697288344,0.0003519070181018169
99,6,1-5,adjust,-0.09111777043567412,0.00019917210358952453,0.0005504039999670805
99,7,1-5,adjust,-0.04984467516258879,-0.0020092144928726273,0.001355259627670616
99,8,1-5,adjust,-0.03692855563176826,-0.0005160777505296657,0.0006178706177494014
99,9,1-5,adjust,-0.0033280503721535527,-0.00011210016008215401,0.001220951637471033
100,2,1-7,adjust,0.1086429562568439,-0.002394577902643703,0.0010104428056099007
100,3,1-7,adjust,0.2365315045749972,-0.002555130422422577,0.0011196035775954715
100,4,1-7,adjust,0.211968002965815,-0.00016865241772028028,0.0005480467512769989
100,5,1-7,adjust,0.16035422833099564,0.0007349954291783111,0.00012338835648452112
100,6,1-7,adjust,0.12725968322746842,0.00023440205658701771,0.00018280079342808124
100,9,1-8,adjust,-0.0033131329800681086,-0.00046450348164161657,0.0019395303984177344
101,2,1-4,adjust,-0.0417133884547916,0.000663825299999928,0.0014454726951784007
101,3,1-4,adjust,-0.08337556644987615,0.001440034648251054,0.0011712184662539759
101,6,1-5,adjust,0.053136752493017345,0.0009206283487302662,0.0007978053212492991
101,7,1-4,adjust,0.19531916220084827,0.001491578397750854,1.9772074382040837e-05
101,8,1-5,adjust,0.09417083026945283,0.0008449125740919984,0.00038005860776763745
101,9,1-5,adjust,0.038441022265805314,0.0008417505672663442,0.0001299371863576814
102,2,1-7,adjust,-0.04840605814719396,0.001227610368737859,0.0006849428846502454
102,3,1-7,adjust,-0.03977458639502919,-0.0005685501092259157,0.0014756026593962255
102,4,1-7,adjust,-0.051927396539099786,-0.00025897890344424795,0.0012311015556875392
102,5,1-7,adjust,0.039368167184089704,-3.6013042738088434e-05,0.0008663470463304962
102,6,1-7,adjust,0.07060187572149422,-0.0012362148990841375,0.0011615062407287881
102,9,1-8,adjust,0.020873265068610782,0.0001537885692625799,1.7409702876785124e-06
103,2,1-4,adjust,0.032152311783273026,0.0005022793249333394,4.775933658169768e-05
103,3,1-4,adjust,0.0004885417688366253,0.0005658084332425248,0.0003081287972841195
103,6,1-5,adjust,-0.020480209134335126,0.001112921937426637,0.0011374472596061558
103,7,1-4,adjust,-0.00847344822968124,0.0006278425134791648,4.316992518265175e-05
103,8,1-5,adjust,-0.002437666648552884,-0.0002610835935552939,0.00012672871390053311
103,9,1-5,adjust,-0.032084551915262834,0.0004581215446490925,0.0004057691451241088
104,2,1-7,adjust,-0.031220329006143348,-7.628690243273811e-05,0.0004888323231449419
104,3,1-7,adjust,-0.07412078912974696,0.0006461074064026836,4.390117660347135e-05
104,4,1-7,adjust,0.02130834795623753,-0.0002526677612921636,0.00033960113155116295
104,5,1-7,adjust,0.06509407813228395,-8.01780300964873e-05,0.0010252585729654913
104,6,1-7,adjust,-0.005644025810883516,0.00021878007591279291,0.000505377799398366
104,9,1-8,adjust,0.026107661884851942,-0.0005924645037306341,0.0001147199881152034
105,2,1-4,adjust,0.04235080955843154,-0.0017845527556481437,0.0009002535270268233
105,3,1-4,adjust,0.09271690534981454,-0.0012782068139584018,9.357204185644968e-05
105,6,1-5,adjust,0.07450828004409554,-0.0004097637302230425,0.0019805231604732654
105,7,1-5,adjust,-0.009780922931475755,0.0006908005420095177,0.000974813543359659
105,8,1-5,adjust,0.015324875410950794,-0.00018001104532508678,0.00020930477895738113
105,9,1-5,adjust,-0.036644674854234456,0.0009040140828698306,0.0004957767916659939
106,2,1-7,adjust,-0.08648934395439405,0.003150900458820127,0.00040957148181788606
106,3,1-7,adjust,-0.1739687845718546,0.0028905260683261425,0.0003571213772969486
106,4,1-7,adjust,-0.14692875414578338,0.001100688789748479,0.0006857118816139867
106,5,1-7,adjust,-0.1793989569766068,-0.000761196966482052,0.0005725844919632287
106,6,1-7,adjust,-0.11807561426567735,-0.0006978381248919857,0.00015760462617025125
106,9,1-8,adjust,0.04673730590428384,-0.0003910188863526071,0.0007282232894114749
107,2,1-4,adjust,0.009857121672939739,-0.00011964557983620751,0.000743645073032617
107,3,1-4,adjust,0.04222655572341961,-0.0008165584128965364,0.0011403747484565973
107,6,1-5,adjust,-0.10156308938192816,0.00013114869117794806,0.0009271432723082262
107,7,1-5,adjust,-0.09934194423607662,-0.002060032090209821,0.0007772267153513303
107,8,1-5,adjust,-0.07296453776794883,-0.0002425925133321095,0.0006342409175275908
107,9,1-5,adjust,-0.10622275764672423,-0.0016997748786015134,0.0018181272527017134
108,2,1-7,adjust,0.09724457857675073,-0.0025502025620406845,0.0010164644114810711
108,3,1-7,adjust,0.0862537749580381,-0.0013692233617351418,0.0008421028519050214
108,4,1-7,adjust,0.03599021998317847,-0.0010172927328351588,0.00028715097848500034
108,5,1-7,adjust,0.08512858350043857,0.0010334526434665448,0.00048753300806316614
108,6,1-7,adjust,0.0736988174014458,7.496170029601177e-05,0.00015874832966609534
108,9,1-8,adjust,0.04598311261999065,8.945610918014307e-05,0.0007963878695054936
109,2,1-4,adjust,-0.06248548239230246,0.0015276341204517937,0.00013776447033221812
109,3,1-4,adjust,-0.0007424152132316388,0.0004014511655188317,0.00010988258838782248
109,6,1-5,adjust,0.040278810944388975,2.2520632741076803e-05,0.0009331252308687795
109,7,1-5,adjust,0.1312489357676589,0.0015986433225997818,0.0009686505777061938
109,8,1-5,adjust,0.02681660060144565,0.00029382872116290245,0.0009282266096808581
109,9,1-5,adjust,0.022094219246907815,0.0014657067207527292,7.038959158861382e-05
110,2,1-7,adjust,-0.011096277370086198,0.0005957626276463014,9.88282707516162e-05
110,3,1-7,adjust,-0.01582257099409309,0.0002120982077409813,0.00016684768616190873
110,4,1-7,adjust,0.004319559769561194,-2.8090165978029783e-05,0.00022725323749475307
110,5,1-7,adjust,0.07271303631482863,-7.926971788635719e-05,0.0006374691723600962
110,6,1-7,adjust,0.07583974881179813,0.00032687043943661757,0.0007618856821251964
110,9,1-8,adjust,0.009588090439393175,-0.0003298910081544697,0.0007196063470635538
111,2,1-4,adjust,0.023065959757447553,-0.0013181962618650303,0.0001951082441084598
111,3,1-4,adjust,0.004362213754732814,3.537388086664844e-05,0.0013850749178619176
111,6,1-5,adjust,0.008926042378460137,-0.0005571858032666192,0.0016606907210128467
111,7,1-5,adjust,0.011419157967179001,0.00028487903852501215,0.0013907510816443748
111,8,1-5,adjust,0.04612769943496843,-3.975741549086752e-05,0.001450204499142057
111,9,1-5,adjust,0.010222641404338975,0.0006961893089768818,0.001203634229589344
112,2,1-7,adjust,-0.0609641913216776,0.0013425807504803375,7.289281386398297e-05
112,3,1-7,adjust,-0.04673497366306783,0.0004941946248213808,0.0005147172261845418
112,4,1-7,adjust,0.03406796557288899,0.000721007357111483,0.00035017570734574707
112,5,1-7,adjust,-0.01034712791017896,0.00036517166287806387,0.00024384033486347635
112,6,1-7,adjust,-0.02730579058951058,0.0007853879849602256,0.0007144248014565781
112,9,1-8,adjust,-0.008431438481659729,0.0002487813556277358,0.0005501380970853281
113,2,1-4,adjust,0.030278314730932097,-0.0004555813125625731,0.00037724737196138155
113,3,1-4,adjust,0.02429609421377505,-0.0006549281789771902,0.0008079232875503866
113,6,1-5,adjust,0.03971572572066507,-0.00014995821814907875,0.000996443852100361
113,7,1-5,adjust,0.07345559405280187,4.7358130925087804e-05,0.0008978119414748734
113,8,1-5,adjust,-0.02691544480314308,0.0006672915332398327,4.816423506824372e-05
113,9,1-5,adjust,0.04407910342973513,-0.0003853254076176231,0.0006703114475582251
114,2,1-7,adjust,-0.041086429603753014,0.0012149603556442035,0.00010285682498534243
114,3,1-7,adjust,-0.078652419424897,0.0005551075815334326,0.00012960077277591653
114,4,1-7,adjust,0.04250100941501672,-0.0009095014002713235,0.001457113342857006
114,5,1-7,adjust,-0.005702178090189887,-0.0005181940689018412,0.0013487966948597786
114,6,1-7,adjust,0.03974064177686877,-0.0007206624302173643,0.0016334121053541001
114,9,1-8,adjust,-0.025366735203918734,-0.0004531396263109021,0.0013987839974061813
115,2,1-4,adjust,0.09971938554392162,-0.002420048887316993,0.0009721066541943306
115,3,1-4,adjust,0.13441458833093187,-0.0005946060527382124,0.0006877193056540576
115,6,1-5,adjust,-0.051442805940154206,0.0003916747119579418,0.0012108513955229794
115,7,1-5,adjust,-0.11099881640197064,-0.00015299703807338785,0.0017225198517078952
115,8,1-5,adjust,-0.02299834126367554,-0.0009147766900921109,0.0012105857785999763
115,9,1-5,adjust,-0.03512482257021335,0.0002981568448751151,7.945513768338222e-05
116,2,1-7,adjust,-0.040620404791667654,0.0014239991962070764,0.0006616550449322618
116,3,1-7,adjust,-0.13227753910587212,0.0011498644264438557,0.0006298377702199095
116,4,1-7,adjust,-0.020029347396726915,-0.00020956871732067723,0.00015678812457236527
116,5,1-7,adjust,-0.12435645826224465,-0.0001684922462596132,5.295405482658031e-07
116,6,1-7,adjust,-0.08034928424517294,-0.00012185234839210547,0.0005209369140501436
116,9,1-8,adjust,0.008063318906116626,-0.0008778727450337204,0.001276329223775027
117,2,1-4,adjust,0.02323909341599386,-0.0017758563415942769,0.0006301841543568414
117,3,1-4,adjust,0.14450201306428953,-0.0018342915193035507,0.0012198538916159789
117,6,1-5,adjust,-0.06834362596396971,0.0007886080226893475,0.00010604795817250989
117,7,1-5,adjust,-0.08123161420741574,-0.0008123341434847155,0.00021386115439750702
117,8,1-5,adjust,-0.0548968624125848,-0.0007031662979994327,0.00044789877608329915
117,9,1-5,adjust,-0.0027423994469410683,0.00016145304947349067,0.00020043795140922853
118,2,1-7,adjust,-0.02646897006169691,0.0009153191433036037,0.0009306877525827669
118,3,1-7,adjust,-0.10557548604598438,0.001171709506521079,0.0013741419100380009
118,4,1-7,adjust,-0.0806366175189131,0.00094565830230306,0.0005097135657083471
118,5,1-7,adjust,0.04636745068567902,9.054271330768381e-05,0.0003044506085302783
118,6,1-7,adjust,0.023488321923843394,-0.0005755076788370936,0.000353134002575573
118,9,1-8,adjust,-0.049880540337026734,-0.00011057502329932097,0.0004874800186556064
119,2,1-4,adjust,0.003447394292349442,0.000463727058500754,0.00032921056116146715
119,3,1-4,adjust,0.030632341368060378,2.006203777639518e-05,0.0005473234093238528
119,6,1-5,adjust,0.01725536337559682,9.449324743995365e-05,0.00030566509804102934
119,7,1-5,adjust,0.026639431449860935,0.00029558555995928967,0.00013107751260007012
119,8,1-5,adjust,0.024118967029489586,0.0003888269800047146,5.541490186627366e-05
119,9,1-5,adjust,0.05616282569393997,4.302370618101384e-06,2.713286447380453e-05
120,2,1-7,adjust,0.03904076675330283,-0.0008523702659965606,0.00016504692512593944
120,3,1-7,adjust,-0.03524307181473581,-0.00038546116663749105,0.0009675601390096583
120,4,1-7,adjust,0.07687919811780117,0.00044524520718802177,0.0002303125954532369
120,5,1-7,adjust,0.0006044171730429198,0.0001694678210277359,0.0005016055972607271
120,6,1-7,adjust,-0.025004711225495153,-0.00072999219442189,0.00021141794995102508
120,9,1-8,adjust,-0.02814174807075462,0.00036234207813966724,0.0003308372777332382
121,2,1-4,adjust,-0.049493002299493306,0.0015516525070855068,0.001118938568619413
121,3,1-4,adjust,0.0630028953451575,-0.00044307334716988853,6.97498480691361e-05
121,6,1-5,adjust,0.003037122064296261,0.0009611355706550475,0.0013805630363197137
121,7,1-5,adjust,0.055031484008338974,-0.0003122730701705718,0.0007595427183192707
121,8,1-5,adjust,0.02290932698975786,0.0004902382751534571,0.001091745928157835
121,9,1-5,adjust,0.03539035418210375,4.4127438645779875e-05,0.0005765226744147227
122,2,1-7,adjust,0.01778561653774099,-0.0014219986018687066,5.243916532599031e-05
122,3,1-7,adjust,-0.007851594063863288,-0.000562100600810319,5.184622824724679e-05
122,4,1-7,adjust,-0.036999046903690214,-0.0009919021285732087,0.0008612007345158652
122,5,1-7,adjust,0.0594345348977643,-0.0007680664328233154,0.0006509493252127405
122,6,1-7,adjust,0.06761375321526243,-0.00028370206891165903,0.0006357043108248888
122,9,1-8,adjust,-0.019927961233751627,-7.48124373559122e-05,0.0008733821178670308
123,2,1-4,adjust,0.024050351279288496,0.0005813331048385953,0.0007344151670872466
123,3,1-4,adjust,-5.579399537539263e-05,0.000997939968253847,0.0007091738540301896
123,6,1-5,adjust,0.00518564428927211,0.00032747455051183074,0.0011682910502497199
123,7,1-5,adjust,-0.10432123007614354,0.00043542814190164535,0.0006167749974477869
123,8,1-5,adjust,-0.04367046977224267,-0.00023724142300320035,0.0003090645727192038
123,9,1-5,adjust,-0.01402818758431261,-0.0004673553031700772,0.00012635568723559022
124,2,1-7,adjust,-0.04492993683453656,-0.0001857391174579154,0.0003814420209100672
124,3,1-7,adjust,-0.005044155550396647,-0.0002520126820088778,0.000372663583733202
124,4,1-7,adjust,-0.04983426059269965,-1.495535134790054e-06,0.00013802476926459047
124,5,1-7,adjust,-0.04896413098898333,0.0002382061893344482,3.5897670209586077e-05
124,6,1-7,adjust,-0.13045100322341158,-0.0014374231560963938,0.0003645097697707432
124,9,1-8,adjust,-0.012077568388325268,-0.0010482202289052035,0.0009179178326923981
125,2,1-4,adjust,-0.004648841348825763,-0.0005526001759143978,0.00031825242468249006
125,3,1-4,adjust,-0.016102494509404233,0.00015037125351423914,0.0012001461492673181
125,6,1-5,adjust,0.09930281518843465,0.0007198376592710429,0.0010709949722047683
125,7,1-5,adjust,0.015841919762813128,0.0004742993759650267,0.0008980652571914379
125,8,1-5,adjust,0.04259014088334863,0.00037101414717416394,2.363097220045703e-05
125,9,1-5,adjust,-0.001113159282484278,0.0011444217434306112,0.0003118461196255547
126,2,1-7,adjust,-0.009719601922240192,0.0016268329928550878,6.92329163977812e-05
126,3,1-7,adjust,-0.0568780295749408,0.0008711165176202867,0.0006396746965204606
126,4,1-7,adjust,0.05158705531758201,0.0006967578672624436,0.0001410104367565603
126,5,1-7,adjust,-0.12058267124609719,1.3410549784211946e-05,0.00029642987290989087
126,6,1-7,adjust,-0.05197404953475901,0.0010966978906551536,0.00047806194097875233
126,9,1-8,adjust,0.047549248083632166,0.0011411735428524627,0.000321544697915437
127,2,1-4,adjust,0.03652103900193536,-0.00040897310040529755,0.0003674326448149225
127,3,1-4,adjust,0.05565585128939014,-0.0008110208626085789,0.0002112392327566615
127,6,1-5,adjust,-0.08539376992948716,-0.0007242356979775049,0.0014621105967536497
127,7,1-5,adjust,-0.07166662524535006,-0.0011490969902403603,0.0009198361556753082
127,8,1-5,adjust,0.004003542592308854,-0.0007496143261831933,0.000901484400275554
127,9,1-5,adjust,-0.04284629042483796,-0.002144646849408119,0.0004973188349695833
128,2,1-7,adjust,0.028955307489404333,-0.0009380574243693424,0.00013553307528404388
128,3,1-7,adjust,0.01805239329153654,-8.861723443779448e-05,0.00035262317069346895
128,4,1-7,adjust,-0.01851227587983969,-0.000640744425278914,4.823906010679576e-06
128,5,1-7,adjust,0.02454354607438373,-0.00025287787478957876,0.0008882113079248397
128,6,1-7,adjust,0.004054723960626713,-0.0013685404355032434,0.0012728398023013605
128,9,1-8,adjust,0.027954780579294704,0.0017908818581790758,0.0012765990036952399
129,2,1-4,adjust,-0.04209640004978865,0.00037473288105671144,0.00027855823577585504
129,3,1-4,adjust,0.024265559676310312,-0.0002874986060092686,0.0001033866425880468
129,6,1-5,adjust,0.013555338079953676,0.0016155142656896556,0.0007903243985285986
129,7,1-5,adjust,-0.022956233150070074,-0.0003050148622056587,0.000521664276674259
129,8,1-5,adjust,-0.007646703668949495,0.0001414995048133882,0.00022586067050367047
129,9,1-5,adjust,-0.013471227842299805,-0.0015572512133987223,0.00020795259452767605
130,2,1-7,adjust,0.040758413444486476,-0.00023952374718394756,0.00042200125002384643
130,3,1-7,adjust,0.0199771403232615,0.0006821653316013099,0.0008862859254030437
130,4,1-7,adjust,0.04141590353654243,0.0007954587052915631,0.0010619171639566901
130,5,1-7,adjust,0.049581822084715996,0.0014690875059036978,0.0004789166069983778
130,6,1-7,adjust,0.0038929398374748965,-0.00033786920184701087,0.0007775492759237157
130,9,1-8,adjust,0.006608645615801646,0.0007654029092869101,0.0014429414297524575
131,2,1-4,adjust,-0.033885835892776474,0.00011896332810576225,0.00036749114659142136
131,3,1-4,adjust,-0.057594142172447516,-0.0006314994249809216,0.0015622633730706247
131,6,1-5,adjust,0.10507590788139269,0.000571978135058875,6.323060681214275e-05
131,7,1-5,adjust,0.12030546035632811,0.0010661110734083096,0.00017741994108736467
131,8,1-5,adjust,0.04074405170743065,0.0010129606132742513,0.00036570933433704484
131,9,1-5,adjust,0.018152709759173123,0.0007989588565742872,0.00012317506202783317
132,2,1-7,adjust,0.017407185390601602,5.5106875263941325e-05,0.0010568808283022417
132,3,1-7,adjust,0.009864959868581118,-2.739293918162895e-05,0.000790868494804658
132,4,1-7,adjust,-0.058737256779907134,5.891903967141632e-05,8.255035017148537e-05
132,5,1-7,adjust,0.023253257319761547,-0.0012055635571196757,9.28665846545971e-05
132,6,1-7,adjust,0.007861187255862422,0.0004382339444680893,0.0002576440620917089
132,9,1-8,adjust,0.02524853397446956,0.0009375589612912222,0.0010212187640469383
133,2,1-4,adjust,-0.0450472198056873,-0.00025746703207727236,0.0012940171181695
133,3,1-4,adjust,-0.028815251938796204,0.001647190641928653,0.0012674393809099698
133,6,1-5,adjust,0.003182432828885303,-0.001968262018049077,0.00010878568232036337
133,7,1-5,adjust,-0.008310437154451232,-0.0005027782857179913,0.0001711268852363158
133,8,1-5,adjust,-0.07210615654203816,-0.0012868156847803335,0.0005545395667675113
133,9,1-5,adjust,-0.050195208744890446,-0.0011342801450044794,0.0003672857216967486
134,2,1-7,adjust,0.02170575303110977,-0.00011749248115370852,0.0006148980884714701
134,3,1-7,adjust,0.08373899950460559,-0.0011638523576249318,0.0005160640533284987
134,4,1-7,adjust,0.10995955659874304,3.6271392738532544e-05,0.0009558155301200009
134,5,1-7,adjust,-3.496599996125101e-05,-0.0006005383510832349,7.47515821710203e-05
134,6,1-7,adjust,-0.05272248426963001,0.0006415945065153896,2.8036420717328803e-07
134,9,1-8,adjust,-0.022443619180088827,-0.0015985852157207703,0.0013983909291027737
135,2,1-4,adjust,0.010504198518960292,0.0005108780244861306,0.0005064222780782751
135,3,1-4,adjust,-0.0012114326657025423,-0.0006779665666531125,0.00022094677288990423
135,6,1-5,adjust,0.012119151138332415,-0.0005700923352957496,0.0018522424067638028
135,7,1-5,adjust,-0.040662409521312295,-0.000662758163863124,0.002078282178713048
135,8,1-5,adjust,0.020738219656814928,-0.000171450945528801,0.0009012096849129943
135,9,1-5,adjust,0.020864141363929424,0.0010169576968069164,0.001077545821651975
136,2,1-7,adjust,0.0637551108623772,-0.002124957750260425,0.0002588736672076982
136,3,1-7,adjust,0.02912167646176976,-0.0005565230527508059,0.0003622245134482782
136,4,1-7,adjust,0.049076930200985275,-0.0002490854637663887,0.00027540959638308946
136,5,1-7,adjust,-0.017893992484398095,-0.0001399923131037052,0.0005898073441152781
136,6,1-7,adjust,-0.018952532103261525,0.0009795740211778067,0.0008914880919243597
136,9,1-8,adjust,-0.004673783544305753,-0.00039441821263794236,0.0006406855496492638
137,2,1-4,adjust,-0.04583328967029191,0.0006007205594751185,0.0004077344896175887
137,3,1-4,adjust,0.013960469432736645,0.0005355071653449648,0.0005305294811138991
137,6,1-5,adjust,-0.008356112541584115,-9.6873191803367e-05,0.001361101019586789
137,7,1-5,adjust,-0.05457143843906378,0.0006441783147660464,0.0011312469168401574
137,8,1-5,adjust,0.0031380012827226535,0.00018968872873524517,0.0009576921807829613
137,9,1-5,adjust,0.0027324108655784225,0.0001181623928768828,0.0007949739682364075
138,2,1-7,adjust,-0.012936104428719201,0.001458881195511159,0.000783830753382854
138,3,1-7,adjust,-0.08132526937611768,0.0006441898039448403,0.0008250527764928821
138,4,1-7,adjust,-0.12610294401233896,-8.377698698288395e-05,0.0011802931544529346
138,5,1-7,adjust,-0.037479485262261504,0.0010107822698348019,0.0005304577919882198
138,6,1-7,adjust,-0.10583428314668743,-0.000577054950554872,0.0009025687975619508
138,9,1-8,adjust,-0.004325511187901281,9.41887749231188e-06,0.0007127640316926956
139,2,1-4,adjust,-0.011099358442932519,0.00028367516874959226,0.0001658172429913066
139,3,1-4,adjust,-0.018539777666547175,0.0006517933368761053,0.0009403611750660286
139,6,1-5,adjust,0.10924495780479296,0.00033509556482393945,0.0011566759986960965
139,7,1-5,adjust,0.04670118960351471,-8.81625082953697e-05,0.0008337122827390371
139,8,1-5,adjust,-0.013137566367805165,-0.0003610265248831337,0.0005895675323737478
139,9,1-5,adjust,0.00537308556333273,0.0003844660215858521,0.00020425825737382963
140,2,1-7,adjust,0.016376035856402262,-0.0005397958005353835,0.0009070940995502245
140,3,1-7,adjust,-0.08412977816835575,-0.0005676563046497264,0.001081318719227483
140,4,1-7,adjust,-0.03561749399420903,0.00020223989862792012,0.0011898094398770577
140,5,1-7,adjust,-0.0047978744069140135,-0.00014620610032129596,0.0015319298932527311
140,6,1-7,adjust,0.025366043677808977,0.0004677578438508502,0.0010265126720740998
140,9,1-8,adjust,-0.01813656272421938,-0.0010886089172022695,0.00047251213352075957
141,2,1-4,adjust,-0.04767304962228851,0.0012921452848003616,0.00094701019182382
141,3,1-4,adjust,0.050131492058774534,-0.00045326992250039927,0.0004714465938066945
141,6,1-5,adjust,-0.050160340450329764,-0.0002050500814152226,0.00041321214041113865
141,7,1-5,adjust,0.02528788836748839,-8.965790102885573e-05,0.0009215435686374111
141,8,1-5,adjust,0.009850944381918969,0.00039919657161408294,0.0008048601198907884
141,9,1-5,adjust,0.025867920389931732,0.00154449803581502,0.0005150311508850033
142,2,1-7,adjust,0.010805397471399605,-0.00035167775718219466,0.0006998256494479247
142,3,1-7,adjust,0.07275166312654363,0.0003264363790195341,0.0004422202747421601
142,4,1-7,adjust,0.0823069348807569,-0.0016174335572307504,0.0004838732200512473
142,5,1-7,adjust,0.08864091706678864,0.00019940229185574056,0.00038690039271051935
142,6,1-7,adjust,0.05624363361123125,0.000665997929698423,0.0004406632673512222
142,9,1-8,adjust,-0.014936533988176029,-0.00019168520082006555,5.131915486384137e-05
143,2,1-4,adjust,0.07776409367769276,-0.001800687670314664,0.0015198441281627632
143,3,1-4,adjust,0.0017889539421275663,-0.0009015845349874808,0.0008809430244649104
143,6,1-5,adjust,0.05392420387880109,-0.0008057299881705677,0.0008372862761748522
143,7,1-5,adjust,0.06371432137306617,0.0006099236109635933,0.0012269258207678632
143,8,1-5,adjust,0.03331652781112117,0.0006088134086116094,0.0016333640094575643
143,9,1-5,adjust,0.046310274550196595,0.0007346810902132521,0.0018336230982714035
144,2,1-7,adjust,-0.08991767778921027,0.002138831314811371,0.0001969655655987553
144,3,1-7,adjust,-0.05550232948217756,0.0005067308325510635,0.0003783105395839766
144,4,1-7,adjust,-0.05636438992285295,0.0013422906991019453,3.493240617896349e-05
144,5,1-7,adjust,0.01434239456210872,0.0009158914247004539,6.422862241101597e-05
144,6,1-7,adjust,-0.011338496204659463,8.850825648450421e-05,0.0008811835096619297
144,9,1-8,adjust,-0.022501336402889496,-0.00044987941966571194,0.0008608186042933844
145,2,1-4,adjust,0.016070910569152917,-0.0005252834483653273,8.479966529202797e-05
145,3,1-5,adjust,0.005869196683588327,0.0005655248909699404,1.2040095722389137e-05
145,6,1-5,adjust,0.043102490669060196,-4.452655815961782e-05,0.0007046483599572051
145,7,1-5,adjust,0.10809743565691003,-0.00038459864986948753,0.000981091151893701
145,8,1-5,adjust,0.05572895907170251,0.0010236013208519612,0.0009165870612334255
145,9,1-5,adjust,0.026034872850487445,0.0004645236301149277,0.0004560792699414048
146,2,1-7,adjust,-0.003319934106434735,-0.00011639178599244317,0.0012012553174734406
146,3,1-7,adjust,0.03508414409741406,-0.0006120980309897842,0.0012213227853670582
146,4,1-7,adjust,0.16561931456918985,-0.0002825270708281135,0.0009322048757821118
146,5,1-7,adjust,0.08703951093076132,-0.0008473879892841287,0.0013526935868858475
146,6,1-7,adjust,0.07984158964261136,0.000573134843388354,0.0019488969922119815
146,9,1-8,adjust,0.026049262862106667,0.0003568728331121161,4.979520469636153e-05
147,2,1-4,adjust,0.0611679112176028,-0.0008532896339915942,5.998543377818399e-05
147,3,1-4,adjust,0.09383820897424575,-0.001183013549706006,0.0009893114406156615
147,6,1-5,adjust,-0.05251642430075262,-0.0001357990509047306,5.157602852282259e-06
147,7,1-5,adjust,-0.07117190757135743,0.0004526865281187545,0.0005650062241275549
147,8,1-5,adjust,-0.0402462508237984,-0.0007004223511305738,0.00036609440942653615
147,9,1-5,adjust,-0.019095297396649814,-0.00027834743134985977,0.001054803494798316
148,2,1-7,adjust,-0.053649672880498045,0.0008597187430643188,0.00023011074422549547
148,3,1-7,adjust,-0.056488108922812495,0.0014446806064707634,0.00017683348036641474
148,4,1-7,adjust,-0.20174059577648665,0.0006648738900042504,0.000605171709106633
148,5,1-7,adjust,-0.11583994852147722,0.00026680503418821157,0.0005255716500271229
148,6,1-7,adjust,-0.052252614521818265,0.00013906719908539456,0.0005932222725641304
148,9,1-8,adjust,-0.031125888585869878,-0.0010931026838657272,0.0009574650295222634
149,2,1-4,adjust,-0.029373583581839748,0.0003121630568049534,0.0006289416225757687
149,3,1-4,adjust,-0.08327292382875541,0.000567649219728582,0.0012198196482296534
149,6,1-5,adjust,-0.028428730593781898,-0.001085512850813481,0.00020114857613790996
149,7,1-5,adjust,0.015539370408208445,-0.0007295567619612507,0.00021840367165465056
149,8,1-5,adjust,0.028250098752378713,-0.00032236517865680026,0.00016196728792762524
149,9,1-5,adjust,0.013437499645154666,0.0004186938943406238,8.678123306300396e-06
150,2,1-7,adjust,0.05121374420868041,-0.0002640273331134003,0.000162702774446195
150,3,1-7,adjust,0.07843305193979222,-0.0010553645208937223,0.0004883239308964972
150,4,1-7,adjust,0.11137243573036067,-0.0008646543427955281,0.000925879988564188
150,5,1-7,adjust,0.13326642455571006,-0.00025338374803395117,0.0007733437623316155
150,6,1-7,adjust,0.08149451372136503,0.0013475948419387233,6.726008971954577e-05
150,9,1-8,adjust,0.021748332637649952,0.00041701132627284946,0.0007251641994956092
151,2,1-4,adjust,0.015977773743420222,-0.0007135808788339693,0.00016659331299066408
151,3,1-4,adjust,0.043856422507927026,0.0008124609881010527,9.871246232742767e-05
151,6,1-5,adjust,0.010562413746982613,-0.00021286625139994926,0.000542034652536026
151,7,1-5,adjust,0.0046316971528531335,0.0021841675878498013,0.0016492051619548464
151,8,1-5,adjust,-0.041753740934493404,0.000834049820983653,0.0005652531851362783
151,9,1-5,adjust,-0.005660467641878268,-9.775067137071976e-06,0.0009297888777406877
152,2,1-7,adjust,-0.06396678013720386,0.001823385628204608,0.0004863448957922917
152,3,1-7,adjust,-0.12407558904856315,0.000582705680481644,1.8428707971195497e-05
152,4,1-7,adjust,-0.19349474653346288,0.0006197239427838594,0.0005263270378066633
152,5,1-7,adjust,-0.15749435836842204,0.0001935586024158623,0.0001153498045871217
152,6,1-7,adjust,-0.10226348063132061,-0.000227127458879002,0.0007499780136792773
152,9,1-8,adjust,-0.010308142369066324,-0.0003807137406449102,0.0010875630692595596
153,2,1-4,adjust,0.0074873845672472645,-9.557292010142573e-05,0.0009302333371325994
153,3,1-4,adjust,-0.050769753999773196,0.0004638610744735771,0.0017282185263041833
153,6,1-5,adjust,-0.057801147126264,0.0010342314836277518,0.0012105369828903667
153,7,1-5,adjust,-0.11147912552077474,-0.0009809341646748353,0.0003836431937131618
153,8,1-5,adjust,0.016289873560884342,-0.0006326414804057042,0.0005910950812965083
153,9,1-5,adjust,-0.024746615075115306,-0.0010937696160278258,0.0005771441401786898
154,2,1-7,adjust,0.021248163649699493,-0.0010545407002090419,0.0009952339491066278
154,3,1-7,adjust,-0.009195427670492255,-0.00012918762998901507,0.0012290304302707735
154,4,1-7,adjust,0.09275570945948072,0.0005690455668803892,0.00025169969123997604
154,5,1-7,adjust,-0.005524149573882287,0.0009691182869263518,0.00047910347881926417
154,6,1-7,adjust,-0.001401656092002014,-0.0018159654133718497,0.00034899147928024694
154,9,1-8,adjust,0.005531295175992178,0.0014376685749763988,0.00012059260298187947
155,2,1-4,adjust,-0.029014328383631712,0.00106279677878952,0.0005129789610043512
155,3,1-4,adjust,0.04007923242530774,-1.4839829158849343e-05,0.0004530037927308476
155,6,1-5,adjust,0.06792228775891647,0.0008069329453888756,0.0004457481120374871
155,7,1-5,adjust,0.06676154887575651,-0.00019764608696923755,0.0003349251377577187
155,8,1-5,adjust,0.01559627878551692,0.000757519099107691,0.00043084685208360645
155,9,1-5,adjust,0.03720875934713332,0.0002417372212949821,0.0008068928530433724
156,2,1-7,adjust,0.033185495718629256,-0.0012153902954392653,0.0009090504599202252
156,3,1-7,adjust,-0.009778362819901115,-0.000876289553498875,0.00022314677115283836
156,4,1-7,adjust,0.009800102985327136,-0.0009681703577164126,0.0005996488298517955
156,5,1-7,adjust,0.003766123284045051,-0.0016756839523010283,0.0006184748717338907
156,6,1-7,adjust,0.01885313296170768,0.00013767160974723487,0.00036749939585991795
156,9,1-8,adjust,-0.013953563821738292,0.00046081096358932533,0.0008790947136751852
157,2,1-4,adjust,-0.0052700111357881696,-0.0005629883824195886,0.0002933352714577798
157,3,1-4,adjust,0.052698897445717534,0.00024392635573273734,0.0009843765769898508
157,6,1-5,adjust,-0.0711271169435539,-0.0007700363941255789,3.764765177840928e-05
157,7,1-5,adjust,-0.07711272639246212,-0.0004719530093543953,0.0001895486531310317
157,8,1-5,adjust,-0.06525836678210103,-0.0016752068772006154,0.00018675082622867907
157,9,1-5,adjust,-0.02975491135440592,-0.0016038418312791392,0.00011852078523191605
158,2,1-7,adjust,0.017632335256711734,-0.0007238513787143763,0.0006374636642523783
158,3,1-7,adjust,0.002529084240991627,-0.00016294298991096,0.00041022140044507467
158,4,1-7,adjust,0.007414311364919613,0.0010090583756138165,0.0008064625983865798
158,5,1-7,adjust,0.005769728273319225,0.0004234712860743326,0.0003905272917183297
158,6,1-7,adjust,-0.024738408590210877,0.00020701499505354254,0.0010497019787383544
158,9,1-8,adjust,-0.02013613930578993,-0.00029843636240615393,0.0006456518454279571
159,2,1-4,adjust,-0.02530323761197375,0.0021132874739078055,0.0008428431489852638
159,3,1-4,adjust,-0.028485132565628273,-0.00021750404742272965,0.0011412134049782862
159,6,1-5,adjust,0.018499340176180424,0.0008461346354689946,0.0002599560424713959
159,7,1-5,adjust,0.007165869616099984,-0.0008231945669112061,0.0003457294512149282
159,8,1-5,adjust,0.019604113665543172,0.0007478387680141252,0.0005763353800251576
159,9,1-5,adjust,0.026129612338286142,0.00090354303623159,0.00030489356403281295
160,2,1-7,adjust,0.06680816084070516,-0.0018961396986193967,0.000892892175945918
160,3,1-7,adjust,0.09030796527091396,-0.0006444415458019985,0.0009034633550082841
160,4,1-7,adjust,0.13255009185405384,-0.0014926147478909102,0.0003575836375067906
160,5,1-7,adjust,0.08359365392830849,0.00031018037730522684,0.0001501772571575617
160,6,1-7,adjust,0.02111302355028272,-0.0013255119754157247,0.0007860976086941978
160,9,1-8,adjust,0.0022959309672553408,0.00019592520078263732,0.0011894977199437917
161,2,1-4,adjust,-0.002996997563838462,-0.0002415382838072503,0.000997308117869089
161,3,1-4,adjust,0.04305661034375749,-0.0008341237888687636,0.0015406563515545201
161,6,1-5,adjust,0.07310839643380067,0.0008484823814796069,0.0002309734876917095
161,7,1-5,adjust,0.060119931998362984,0.000720369900987219,0.0012224291751485258
161,8,1-5,adjust,0.020756494893966665,7.09199670947739e-05,0.0010675434618929826
161,9,1-5,adjust,-0.0035374439529056775,0.00019153311874043683,0.0009878856205728665
162,2,1-7,adjust,-0.0357807786416486,0.0015435299649105005,0.0007187706837613555
162,3,1-7,adjust,-0.07787781320067223,0.0011856240639778284,0.0001981361825659536
162,4,1-7,adjust,-0.09519748837640882,-2.0749725591319556e-05,0.00011370980981232071
162,5,1-7,adjust,-0.033340792073073916,-0.0008800505039158038,0.0001682777147655528
162,6,1-7,adjust,0.009691339618400054,-9.576511938378732e-05,1.1077568231057006e-05
162,9,1-8,adjust,0.019476078319804975,-9.400489761355403e-05,2.610512668046586e-05
163,2,1-4,adjust,0.02111968919225703,-0.0005400658312746578,1.5180873898957812e-05
163,3,1-4,adjust,0.01962720729394742,-9.535210913561232e-05,0.00023733817224548873
163,6,1-5,adjust,-0.03946178156695418,-6.410580084772338e-05,0.0008581920908881086
163,7,1-5,adjust,-0.034485208662544654,0.00014914156380167544,0.0002931527572245624
163,8,1-5,adjust,-0.0228922071910313,-0.0007673245348470534,0.0002433664752191276
163,9,1-5,adjust,-0.062401716868228464,-0.000376647046158981,0.00019033806933732792
164,2,1-7,adjust,-0.03390700246243865,-0.0005681785261394912,0.00021631923360004163
164,3,1-7,adjust,-0.10936264173164487,0.0008349170981715328,0.000999874033853579
164,4,1-7,adjust,0.019091183313225145,0.0017266606020626726,0.0006943233240719708
164,5,1-7,adjust,-0.028486372204744984,0.0006912517840689167,0.00048784949130459797
164,6,1-7,adjust,-0.05170879341206439,0.00031976243929721294,0.0010568997177312067
164,9,1-8,adjust,0.02692237533550884,-0.0008191668445717701,0.00014464445833212443
165,2,1-4,adjust,-0.00128638090649253,0.0009167610540495494,0.00035045369258790047
165,3,1-4,adjust,0.0895973083926753,-0.00031953642255601837,0.0008643962032158432
165,6,1-5,adjust,0.028174029492226704,6.232545765062796e-05,0.0007729912477540165
165,7,1-5,adjust,0.014072203232573596,0.0006012910640081148,0.002081380403164737
165,8,1-5,adjust,0.024043240300371378,-0.00017963966863466084,0.0019397534096059661
165,9,1-5,adjust,0.014116209889523432,0.001283168156946614,0.0007955591638540194
166,2,1-7,adjust,-0.008574105867270386,0.00024692796906230667,0.0006020299696065643
166,3,1-7,adjust,-0.08851782996095726,0.0005758221896900204,0.001539637094881738
166,4,1-7,adjust,-0.12278961422363006,-0.000572426617714797,0.0013213492416561945
166,5,1-7,adjust,-0.09327639842047804,-0.0007603968217821722,0.0008583961610281024
166,6,1-7,adjust,0.007681048009305876,-5.1672762630728475e-05,0.0007949903247885344
166,9,1-8,adjust,-0.014124635835188786,-0.0007785707676755192,0.0005542782865996488
167,2,1-4,adjust,-0.014842682914571331,0.0007234474636028809,0.001281307318958527
167,3,1-4,adjust,-0.01720343306326859,-7.112105005416037e-05,0.0015106855661257597
167,6,1-5,adjust,-0.14693093874765434,-0.0008014076408150463,0.000617795831588107
167,7,1-5,adjust,-0.08203044880041963,-0.0015305171143944853,0.00035962238478076593
167,8,1-5,adjust,-0.06660084284701995,-0.0006585470336849347,0.0010173579166142298
167,9,1-5,adjust,-0.020550143823313233,-0.0005193958135945539,0.0009764512561498807
168,2,1-7,adjust,0.055758205857822894,-0.0019188125303308894,0.0010376282647239473
168,3,1-7,adjust,0.15087489749131242,-0.0007781134925693747,0.0006988094839298888
168,4,1-7,adjust,0.1526757103292443,-0.0006653476766504879,0.0007626625345868685
168,5,1-7,adjust,0.02519249320332766,0.000272399600362503,0.0007253419519060694
168,6,1-7,adjust,0.11461409108500477,0.0013532674080183132,0.0007134153665758614
168,9,1-8,adjust,-0.009369068296397292,-0.0012171455132960756,0.0005598397774590191
169,2,1-4,adjust,0.00012069345539074579,-0.0003773497541875802,0.0006179304287232053
169,3,1-4,adjust,-0.021054519101342598,-0.0005990422646603097,0.0015240230635700973
169,6,1-5,adjust,-0.041064173371366634,-0.00037880379354845973,0.0007122855627126847
169,7,1-5,adjust,-0.01138679061618608,0.0003115155828846951,0.0009539778327015982
169,8,1-5,adjust,0.023651963403075692,0.0009500735875691637,0.0003581715581082897
169,9,1-5,adjust,0.05547782432885237,0.0022546544850357,0.00012023861447552746
170,2,1-7,adjust,-0.023922281973738902,0.001037136780559915,2.0307725497362704e-05
170,3,1-7,adjust,-0.03451943360175098,0.0005301972460361358,0.00036273826227041414
170,4,1-7,adjust,-0.02867597862100451,0.0002579642411177245,0.0005399249120278353
170,5,1-7,adjust,0.10878389925216611,0.0005956009939946128,0.00016288593666473192
170,6,1-7,adjust,-0.02374053566773161,-0.0004886592365171231,0.0006557100184342704
170,9,1-8,adjust,-0.041875422033626396,-0.0011197306865185438,7.090257760396611e-05
171,2,1-4,adjust,0.0018579066192501259,0.00035361583401702015,0.00021701031630003335
171,3,1-4,adjust,0.02350181416107094,-3.843872870113772e-05,0.0005413248599787735
171,6,1-5,adjust,0.1385277756989631,-0.0002520994604248833,0.0001265187228205835
171,7,1-5,adjust,0.12268717456706273,0.0009955242786223307,0.0002880906950164382
171,8,1-5,adjust,0.074755525455908,0.00037702789091032386,0.0005410702425367196
171,9,1-5,adjust,0.019035368504266025,0.0006520938922409,0.00025359794142059967
172,2,1-7,adjust,-0.014510184099723416,0.00018326340258794673,0.0007829689896899414
172,3,1-7,adjust,-0.064006580351149,0.000892349786121405,0.0001370649951961772
172,4,1-7,adjust,-0.019231778721070323,0.0003724043406436603,0.0011067810289646747
172,5,1-7,adjust,-0.0086877380008568,0.0002463519767052461,0.0012020107878161692
172,6,1-7,adjust,-0.013458457835536525,0.00028626856493872363,0.00021048541604104905
172,9,1-8,adjust,0.029404375594921893,0.0014239536931142751,5.538345052618152e-05
173,2,1-4,adjust,0.024291627071687413,-0.0008104937056140258,0.0005769287422400875
173,3,1-5,adjust,0.0359274497692454,-0.0011561075590331325,6.565372039193059e-05
173,6,1-5,adjust,0.01587219598790921,-0.0001692002318518989,0.0009002848728256692
173,7,1-5,adjust,0.015223194648218717,-0.000726768350075859,0.00028923364132018117
173,8,1-5,adjust,0.018641167501997104,0.0015452052474373896,0.0010196230921934858
173,9,1-5,adjust,-0.0005977145858719076,-0.000317894964204816,0.0005705957062234676
174,2,1-7,adjust,-0.004174413333608365,-2.5013757820574792e-05,0.001948565571530336
174,3,1-7,adjust,-0.023763138403713562,0.0005024931765819158,0.0013466230345519396
174,4,1-7,adjust,0.07792907374191933,-0.0010772478966136585,0.0014513785624377738
174,5,1-7,adjust,0.03183816333459217,-0.000711183859840427,0.0014522841511896561
174,6,1-7,adjust,0.0009904376538089185,-0.0005119771681527399,0.001429598696687067
174,9,1-8,adjust,0.05537108457035052,0.000889837794620872,0.0025438469960684155
175,2,1-4,adjust,0.04038125830953142,-0.0008742138862372018,0.0007674340347286236
175,3,1-4,adjust,0.12815790644397784,-0.0005106094896528018,0.0006949196052219742
175,6,1-5,adjust,-0.004835386943522778,0.0008945622953042961,0.0006003560835949825
175,7,1-5,adjust,-0.009806321322440326,0.0004023941332812636,0.00044945657553748777
175,8,1-5,adjust,-0.08735421442768922,-0.001149149609700983,1.4654042092915842e-05
175,9,1-5,adjust,-0.0600854761012067,-0.001067180712564407,0.0006103770256090725
176,2,1-7,adjust,-0.038124321217930045,0.0008695585646127464,0.00018122487934856275
176,3,1-7,adjust,-0.11128958898065223,0.0006390454072214056,0.0004575431032211065
176,4,1-7,adjust,-0.025250081479789216,0.00047700711713224633,0.00041220233305392767
176,5,1-7,adjust,-0.031658462638788305,0.0002716906960655821,0.0007909275726829261
176,6,1-7,adjust,-0.009879920750380836,0.0005009544436668513,0.0008519738020469115
176,9,1-8,adjust,-0.007924525544087962,-0.00047777407828055883,0.0008868131602275155
177,2,1-4,adjust,0.006644200670672685,9.758088415323935e-05,0.0006979672399078755
177,3,1-4,adjust,0.03251600613200455,-0.000758925526560245,0.0007548103304480748
177,6,1-5,adjust,-0.02140914495245967,-0.00015287345857965256,0.0006945012137513277
177,7,1-5,adjust,-0.07011407806720799,0.0003572334560872118,0.00019642654736993663
177,8,1-5,adjust,0.05499005932381592,-0.0006373164096435388,0.0005956229687555311
177,9,1-5,adjust,0.009628423347393309,0.0008496883200908215,0.0010444845430788697
178,2,1-7,adjust,-0.005703452417220427,0.0003803927079548839,0.00018292925498568618
178,3,1-7,adjust,-0.05683619282888336,0.00015346789512924767,0.0005288329020964416
178,4,1-7,adjust,-0.11313042474369135,0.00014223855522562032,5.3606889456180077e-05
178,5,1-7,adjust,-0.05450222909442173,-0.0005484418860723058,0.0003327750515165396
178,6,1-7,adjust,-0.048026856037124234,-0.0012713751558681883,0.0009324636246074362
178,9,1-8,adjust,0.0008422961916559791,-0.0012973074246070467,0.00013660511359134435
179,2,1-4,adjust,-0.040784197836986634,6.390788612202741e-05,0.00022337137048464075
179,3,1-4,adjust,-0.0055390869567199024,0.0006989782016756771,0.0010699538417522345
179,6,1-5,adjust,0.024439198084659285,0.0006080876973725668,0.0008576519478333876
179,7,1-5,adjust,0.024225362285587432,-0.0014931319928000353,0.00034840811125174054
179,8,1-5,adjust,-0.03937316258961748,0.00034209322621684156,0.00036408771638658067
179,9,1-5,adjust,-0.05519481423246771,-0.000773963910931721,0.0008550806489798935
180,2,1-7,adjust,0.07147548176135435,-0.0012385787149001512,0.00042249268797860687
180,3,1-7,adjust,0.15221788664380861,-0.0011057038180754103,0.0002981777262738775
180,4,1-7,adjust,0.12882848648999826,-0.0005631450278917642,0.0003602405146077495
180,5,1-7,adjust,0.0488593950452211,0.0007642635742834597,0.0005112566201576211
180,6,1-7,adjust,0.05905706531610581,0.0007646967849822927,0.00047750525613486405
180,9,1-8,adjust,0.028825949720587208,0.0006649544533085436,0.0005088480721284406
181,2,1-4,adjust,0.0029676075928549294,-0.0001418150405423524,0.000810388009398112
181,3,1-4,adjust,-0.05087104932228219,0.0008308883444567007,0.0006733551464970384
181,6,1-5,adjust,-0.02315692910646115,-0.00023727707412687056,0.000527056803743503
181,7,1-5,adjust,0.003944321875158654,0.0012567606373653595,0.0007087109994498558
181,8,1-5,adjust,0.03860463194441946,-0.00010856048779210774,0.0006590553379961713
181,9,1-5,adjust,0.03214330115404526,0.0009320582966642873,0.0008822671298995043
182,2,1-7,adjust,-0.04284797807056423,0.0002701563774852377,5.7479055357442144e-05
182,3,1-7,adjust,-0.12707289376914227,0.0005483584130269964,0.0006980817764988212
182,4,1-7,adjust,-0.1376352853799433,0.0008054270845004459,0.0008959813782839645
182,5,1-7,adjust,-0.10686420292954373,-0.0006181013904206665,0.00033674204670689525
182,6,1-7,adjust,-0.04340167862479391,-0.00042798234407486147,0.0009395743589893862
182,9,1-8,adjust,-0.012038053684500413,0.0005351588527821447,6.86610264976545e-05
183,2,1-4,adjust,-0.022007399798681142,0.0024592286608415086,0.0006932781103592532
183,3,1-4,adjust,0.008883067396705203,0.0003533245130382907,0.0006871187959338168
183,6,1-5,adjust,-0.08538154571147817,-0.0002008779537848636,3.270562435205393e-05
183,7,1-5,adjust,-0.03432557788945038,-0.000437620578309781,0.0009576675024468862
183,8,1-5,adjust,-0.07246504662720861,-0.00030575875995660047,0.00047133054893833126
183,9,1-5,adjust,-0.023588689802011932,-0.001110994435093141,0.00045594731629820795
184,2,1-7,adjust,0.0207362127077881,-0.0014068516131093831,0.0006457223573558133
184,3,1-7,adjust,0.08200926593436011,-0.0009057027749461887,0.0004938149336082332
184,4,1-7,adjust,0.1273925456703582,-0.0005464646641830942,0.000180442322974651
184,5,1-7,adjust,0.07901416641282967,0.0003752217617898065,0.0005221086660264534
184,6,1-7,adjust,0.11000273232565139,0.0015813797039920272,2.2856964159390845e-05
184,9,1-8,adjust,-0.0072135629388880304,-8.924207628392478e-05,1.6726439735561216e-05
185,2,1-4,adjust,0.033502379196848855,-0.0010193257386282356,0.0010200900376289529
185,3,1-4,adjust,0.02229426540200495,-0.0005494573294382915,0.0007738377527840997
185,6,1-5,adjust,-0.0024588756151193987,-0.0010297568711886895,0.00010156525745375964
185,7,1-4,adjust,-0.0099299316538058,-0.00026795738537527264,9.862393115253384e-05
185,8,1-5,adjust,0.04358902249488924,0.0003069954865058023,0.00010889008190904291
185,9,1-5,adjust,0.025119605264087286,1.1918991525042613e-05,0.00029981295431417775
186,2,1-7,adjust,0.006038833172608012,-0.00023596380506561249,0.0008045534368952821
186,3,1-7,adjust,-0.013468425671508182,0.0005822436794533123,2.463087441202862e-05
186,4,1-7,adjust,-0.03991806991189336,0.00039630252638872494,0.0002638467277253546
186,5,1-7,adjust,-0.05790511050594126,-5.647961360283338e-05,0.0003374387934996973
186,6,1-7,adjust,-0.045573381119855566,-0.0008360040359524544,0.00010205324965905366
186,9,1-8,adjust,-0.010492778894233182,1.519558235483963e-05,0.0011024823722054775
187,2,1-4,adjust,-0.03894450827142709,0.0012897985774661066,0.0008028058421738952
187,3,1-4,adjust,-0.0018174014867023832,-0.00012840913155875305,0.0009608906138585665
187,6,1-5,adjust,-0.013610459134173927,0.00043178719715361027,0.0006273116196174999
187,7,1-5,adjust,0.024571358508652268,0.0005372548047210408,0.00039779574667172504
187,8,1-5,adjust,-0.04198517106660652,-0.0002355199103002179,0.00031072514688795913
187,9,1-5,adjust,-0.010407399324301295,-0.0004953886657478446,0.00031077333098387076
188,2,1-7,adjust,-0.009768674483785305,-6.66719634206852e-05,0.0009430760674513295
188,3,1-7,adjust,-0.08110963661018605,-5.886814040759874e-05,0.000320597442603423
188,4,1-7,adjust,-0.053506360649574564,8.421090270363177e-05,0.00035035989352029726
188,5,1-7,adjust,-0.01379966223741257,-3.936065616757941e-05,0.0003493477878297987
188,6,1-7,adjust,0.008732124546435271,-0.00039129215095330656,0.0004669891232076661
188,9,1-8,adjust,-0.008571588256876699,0.00030828543162379486,0.00048620031921205767
189,2,1-4,adjust,-0.006694750259650535,-0.00045855351748134786,3.8953579643944616e-05
189,3,1-4,adjust,0.0472761232291443,0.0008478243076742887,0.00030847222419235534
189,6,1-5,adjust,-0.023548172121063356,0.00033677873647451487,0.00022615019358229112
189,7,1-5,adjust,0.006433039509703668,0.0004661172734881491,0.0001205329876075293
189,8,1-5,adjust,0.04391633083831274,0.0008705432694786745,0.0004220081936920358
189,9,1-5,adjust,0.07110138506074862,0.001112132272605061,0.0004790944402788094
190,2,1-7,adjust,0.0007418821644518766,0.0005343988670258972,0.00034586004021429004
190,3,1-7,adjust,-0.019127676389318653,-0.0002722799369210291,4.515146229456768e-05
190,4,1-7,adjust,-0.009122540802927,0.0008102810969438761,0.0002266631307189446
190,5,1-7,adjust,0.023196103573820053,0.0005654505255294569,5.005749276231298e-05
190,6,1-7,adjust,0.05383278538476473,0.0002686306164023197,0.00029761959414877174
190,9,1-8,adjust,-0.03693637292581386,-0.0006514008038354898,0.0001875405133138032
191,2,1-4,adjust,-0.05070995489687796,0.0007429081014701002,0.00030874427545612884
191,3,1-4,adjust,-0.02488036598316882,-0.0004714737773185437,0.0006633300340463248
191,6,1-5,adjust,-0.025895050837283665,-0.0004987936987606017,0.0004860307680823679
191,7,1-5,adjust,-0.022167985399337984,-0.0004368234063113336,0.0010323956559594352
191,8,1-5,adjust,0.014918792264686051,0.0001747964457150418,8.485504862826994e-05
191,9,1-5,adjust,-0.007594903131689578,-0.0004532001361722938,0.0005230836969377721
192,2,1-7,adjust,0.044696814686702946,-0.0007185098639841948,0.0010904507842166792
192,3,1-7,adjust,0.0012613607907802254,0.0009265178834844541,0.00037001942418545436
192,4,1-7,adjust,0.09454371381517675,-0.0004960565811950889,9.410055590452651e-05
192,5,1-7,adjust,-0.009667939093796067,-0.0009361836170327644,2.6354132910798705e-05
192,6,1-7,adjust,-0.012463690299149508,-0.0003407120797623659,0.00025479100321441087
192,9,1-8,adjust,0.017422297747946864,6.0915380936816564e-05,0.0007799163212819868
193,2,1-4,adjust,0.025193433351412053,-0.000657620314855224,5.129034954199095e-05
193,3,1-4,adjust,0.07520295454694886,-0.0013676758194593804,0.0006046367553603316
193,6,1-5,adjust,-0.007592358358630967,0.0004658299370291501,0.001653767469590253
193,7,1-5,adjust,-0.014913362188068768,-0.0009475533824934688,0.0010581729449642475
193,8,1-5,adjust,-0.09114628176437713,-0.0016289486417211283,0.0017264656425409748
193,9,1-5,adjust,-0.04502930368822147,-0.000677438258416287,0.0009451678305626245
194,2,1-7,adjust,0.06111086799190453,-0.0006753136396647719,0.00010856747281893078
194,3,1-7,adjust,0.0971135841010749,-0.0004561630149179286,3.0496343050755213e-06
194,4,1-7,adjust,0.03254120729894368,-0.0005826942312218392,0.00021520571394697524
194,5,1-7,adjust,0.04725579030546737,0.0005940931396717251,0.00028368786955019825
194,6,1-7,adjust,0.040554875288382725,0.0010592515959709113,0.0004081142733175293
194,9,1-8,adjust,-0.030865426615945848,-0.0002708979406117874,0.0005424544475035522
195,2,1-4,adjust,-0.03567777946619464,0.0007537226607964259,0.0012238988947076304
195,3,1-4,adjust,-0.07277202472412372,0.0004841121449900748,0.0015879202723471262
195,6,1-5,adjust,0.004420716859650662,-0.0005487368470858046,0.0004732540549961048
195,7,1-5,adjust,0.05723636490979324,0.00026504827952050097,0.0007315998016621507
195,8,1-5,adjust,0.0960451384080017,0.0009935129040166664,0.00029093502907493276
195,9,1-5,adjust,0.05048967459198627,0.001120774080188565,0.00022569293265307092
196,2,1-7,adjust,-0.061931970844484326,0.0004342035561564273,0.0005853443627297165
196,3,1-7,adjust,0.009204871484006467,-0.00047543784180239905,0.0007015421250315197
196,4,1-7,adjust,-0.017561640630306123,-0.00043700551693035716,0.0001883826540570481
196,5,1-7,adjust,0.09603661870253527,0.0003816021008920905,0.00017582777865794531
196,6,1-7,adjust,0.042737304310931624,-0.0003829278705068751,0.0002498365527520275
196,9,1-8,adjust,0.033293760785381536,0.00010379937627943677,0.0009881643780586306
197,2,1-4,adjust,0.06465426800970699,-0.0007387344440248312,0.001131254558981388
197,3,1-4,adjust,-0.02203126164853209,0.0005082635640192761,0.0010326204659072192
197,6,1-5,adjust,0.05500899885700334,0.0004901706980450307,0.0010264456215942645
197,7,1-5,adjust,0.14209736206144774,0.0011723939589272808,0.0011440785321888058
197,8,1-5,adjust,0.04059513264969599,0.000507790338443448,0.0010267870255680127
197,9,1-5,adjust,-0.008927435614765505,0.0006274381826729394,0.0011669220961365012
198,2,1-7,adjust,-0.04371052048009279,0.0015735576688327689,0.00016925081304179504
198,3,1-7,adjust,-0.023451904529244606,0.00037486508872368,0.0005829506973777689
198,4,1-7,adjust,-0.1062555083694864,0.00042850353836046894,0.0017097025818964824
198,5,1-7,adjust,-0.030311496859433087,-0.0008064354875152522,0.00017222786513080112
198,6,1-7,adjust,0.07563009272438971,9.164449188697472e-05,0.001162691372962754
198,9,1-8,adjust,0.03161254167919691,0.0007918706796834182,0.0006950649815458521
199,2,1-4,adjust,-0.002063196867678273,-0.0011107757626752797,0.00022733105422091562
199,3,1-4,adjust,-0.036952562413785306,-0.00018627990266168669,0.0012138467416236939
199,6,1-5,adjust,-0.08241647691593107,-0.0009339037734514355,0.0011973965401069553
199,7,1-5,adjust,-0.13267077216828002,0.00016668171809723522,0.0004973174079327403
199,8,1-5,adjust,-0.045872161711541196,-0.0006277244136158923,0.0002514312927730004
199,9,1-5,adjust,-0.05848853491025247,-0.0017027347942424192,0.00014748596530081036
200,2,1-7,adjust,-0.020518999860302225,0.0011260064239378064,0.00030015225999302714
200,3,1-7,adjust,-0.00011964914486115964,0.0008271996897703596,0.00049293005965005
200,4,1-7,adjust,0.0017086531458982816,-0.00022437962713878684,0.00046139292129129155
200,5,1-7,adjust,-0.14139162008097278,0.0006562786476710065,0.0007679140227573032
200,6,1-7,adjust,-0.0896545883863953,-6.0165602515147716e-05,0.0004647505399077395
200,9,1-8,adjust,0.02619688904766524,0.0004197469235837415,0.0005446300755573147
201,2,1-4,adjust,0.031861132948771735,-0.00047474757155390184,0.0008017721440368517
201,3,1-4,adjust,0.011187618729082941,0.00030628269837283694,4.605798042279348e-05
201,6,1-5,adjust,-0.06190373073727808,-0.0001028714076611881,0.00022664296291452943
201,7,1-5,adjust,-0.052017123387935245,-0.0009472380469168602,0.0007572599120194953
201,8,1-5,adjust,0.0010836569911630758,0.00025842402015483786,0.00014068247872964305
201,9,1-5,adjust,0.014465842386689626,0.0004933228215581063,0.0007535468436666753
202,2,1-7,adjust,0.021611595328317926,-0.001343708033138161,0.0010987807076830792
202,3,1-7,adjust,0.004377024525991167,-0.0006598575706472296,0.000608848698071397
202,4,1-7,adjust,0.053343147695914604,0.0001718261187183679,0.0004980994619073312
202,5,1-7,adjust,0.14408664199931367,0.000839201565272821,6.936698997503995e-05
202,6,1-7,adjust,0.027606339769729805,0.00014789669647964483,0.000525605433674542
202,9,1-8,adjust,-0.020264750664704866,-8.378476900901571e-05,0.0015656122977585813
203,2,1-4,adjust,0.007336874605860699,0.00015747504236055692,0.0013525321166930197
203,3,1-4,adjust,0.01744616503219729,-0.0004821760281194683,0.0006741852593663409
203,6,1-5,adjust,0.1083700644819101,0.001184930587839411,0.0011885985711072523
203,7,1-5,adjust,0.18752230440802753,0.0010887343280905984,0.0014895973317465847
203,8,1-5,adjust,0.08412300585665272,0.001071612952818763,0.001435507193621422
203,9,1-5,adjust,0.04404303271884503,0.0011837757761317886,0.0012311743476045643
204,2,1-7,adjust,-0.06708642005211982,0.0010099340858105489,0.0005855607348056889
204,3,1-7,adjust,-0.0024478680217745654,0.0006114688925529773,0.001026759843743578
204,4,1-7,adjust,0.02941476586470705,0.00047940768303154143,0.0010803954006417546
204,5,1-7,adjust,-0.02857891009872665,-0.0014793712929224863,0.0007144053134357376
204,6,1-7,adjust,0.05708821467447633,-0.0005045705093791151,0.0008420321832574368
204,9,1-8,adjust,0.03339799129490813,-1.0618043632523901e-05,0.00028722017969445585
205,2,1-4,adjust,0.054502782646897584,-0.0008724297014057687,0.0009021025669117611
205,3,1-4,adjust,0.02804826743570932,2.9083667286743855e-05,0.0003553031614498976
205,6,1-5,adjust,-0.12029743393475377,0.00010972074430642822,0.00011224962878949693
205,7,1-4,adjust,-0.1393058130053741,-0.000724444256857805,4.091005728435045e-05
205,8,1-5,adjust,-0.06837486256972475,-0.000971295444974426,0.0002968935185406029
205,9,1-5,adjust,-0.07078565284133281,-0.0016907698107729208,0.00015515050506461475
206,2,1-7,adjust,-0.0267654423666478,0.0009638628464872853,0.0002961180321927906
206,3,1-7,adjust,-0.017150241552098013,-2.3174391205912888e-05,0.0004931606368607493
206,4,1-7,adjust,-0.06666227777526987,0.00034618491530306113,0.0004263940839603
206,5,1-7,adjust,-0.062493412227069424,0.00025397144057457733,0.00015510111251916292
206,6,1-7,adjust,0.015842884043532415,-2.5219143603974043e-05,0.0005701808623877251
206,9,1-8,adjust,0.0018672333842251975,0.00015500429438323755,0.0009268188793534785
207,2,1-4,adjust,-0.015706345287267453,-0.0004036337175054856,0.0005670991830425388
207,3,1-4,adjust,-0.046335429427874636,-0.0006169627482518244,0.0001871597944405719
207,6,1-5,adjust,-0.057031837372697895,-0.0008960017920327809,0.0005741359557552559
207,7,1-5,adjust,-0.004618860928792529,0.00010854662155667985,0.000651830258145335
207,8,1-5,adjust,-0.08572760810116986,-0.00014341352777074242,0.0015491876231767685
207,9,1-5,adjust,0.01558207551286711,0.00013463747063190547,1.020702813471306e-05
208,2,1-7,adjust,0.00695214893081274,0.0008454727043221263,0.0005611078921563552
208,3,1-7,adjust,-0.016558123902739207,0.0013964217630357389,0.00011211919759314836
208,4,1-7,adjust,-0.03909331903542134,0.0007338566248281648,0.0005431320476168704
208,5,1-7,adjust,-0.02768172460271059,-0.0005727372507969921,0.00016853740763827203
208,6,1-7,adjust,0.0027354343444388825,0.000232821604462742,0.0007227683576989023
208,9,1-8,adjust,-0.05282223551935349,-0.0011038478190873763,0.0009442266724103221
209,2,1-4,adjust,-0.02157327078174846,0.0006889301775974142,0.0010746111700937447
209,3,1-4,adjust,-0.02960923390845327,0.00026433469673732465,0.0015305336335905849
209,6,1-5,adjust,-0.003247109559530973,-0.00028115069772466605,0.0017219148510653104
209,7,1-5,adjust,-0.059443144202073965,-0.0014375744889660767,0.0021744471111948176
209,8,1-5,adjust,0.027568583314646695,-0.0016277837647941343,0.0017585540300657997
209,9,1-5,adjust,-9.115545191534648e-05,-0.00047870546072163083,0.0016847926974926004
210,2,1-7,adjust,0.08749553387530758,-0.0021605381934450287,0.0006812403562789089
210,3,1-7,adjust,0.10463633589714946,-0.001404454997191107,0.0013878937295724253
210,4,1-7,adjust,0.14981450427613927,-0.0011658730020350676,0.0012495735793617616
210,5,1-7,adjust,0.10629917146998966,0.0008534954351879194,0.0004685522441810258
210,6,1-7,adjust,0.037384652482464024,0.0009273422942669735,0.001236516856353913
210,9,1-8,adjust,-0.03272959436213527,-0.00014960747121011997,0.00014272958065800182
211,2,1-4,adjust,-0.01362451840754396,0.0005380754195398261,0.00039504693591306636
211,3,1-4,adjust,0.008866215356676298,-0.0006818936499799585,0.0010025796880662782
211,6,1-5,adjust,0.02409586728886229,0.0005859016802079249,5.6447638056088e-05
211,7,1-4,adjust,0.1076838928610115,0.0009110044507707312,2.3919882346435458e-05
211,8,1-5,adjust,0.07995501955763272,0.002107856282357331,0.0001498049066094882
211,9,1-5,adjust,0.04587646049911572,0.002131082991022977,1.4007667782687454e-05
212,2,1-7,adjust,0.00036799863423617413,-0.0006130991636398394,0.0013493811728444297
212,3,1-7,adjust,-0.011457513749900738,8.502270963481758e-05,0.0008976202997523667
212,4,1-7,adjust,-0.006556051604638122,7.92173421098839e-05,0.00030134619747316615
212,5,1-7,adjust,0.05059896685223052,-0.0002260112074241786,0.0010074488914115897
212,6,1-7,adjust,0.049111560600838156,-0.0009610599443710388,0.00030220463823867495
212,9,1-8,adjust,0.04176955213366796,0.0004339810756663326,0.0012353416595462874
213,2,1-4,adjust,-0.011060773373618391,-0.000278896870104077,0.00023876795105086347
213,3,1-5,adjust,0.020005452168691866,9.8332915898768e-05,3.269459312183705e-05
213,6,1-5,adjust,0.024521992101677416,0.00025739480832121837,0.00035834411922636166
213,7,1-5,adjust,0.026348383570725983,0.0010323770931134632,0.00017484771128353408
213,8,1-5,adjust,-0.037970475627389026,-0.00046912776450697553,0.0001528090416405821
213,9,1-5,adjust,-0.04474668986336476,-0.001703897094311973,0.0005102354743627863
214,2,1-7,adjust,-0.06694816922481849,0.002110899504895572,0.0004899652144336475
214,3,1-7,adjust,-0.16263695054837965,0.0009832216712479932,0.00021582727727604374
214,4,1-7,adjust,-0.09129191878418785,0.0005288964157408048,0.0002928628541027656
214,5,1-7,adjust,-0.13673893069323817,-0.001001564600393948,0.00020037937762386646
214,6,1-7,adjust,-0.009583915639479414,-0.00011451342568573764,9.293751963103938e-05
214,9,1-8,adjust,0.01927871473974258,0.0009400434720073513,0.001821129022849643
215,2,1-4,adjust,0.008323990222480844,-0.0005721020684232202,0.001659929554080456
215,3,1-4,adjust,0.09881942913237066,4.8137353736511366e-05,0.0007882656971242613
215,6,1-5,adjust,-0.1534120554972649,0.0004241773596696131,0.0005841135446478046
215,7,1-5,adjust,-0.1051130508437525,-0.0017560705692113896,0.0011873357286358778
215,8,1-5,adjust,-0.08003561992298908,-0.0010990561418073317,0.0008477178040057162
215,9,1-5,adjust,-0.028354220961366354,-0.001200048492344615,0.0008533077432360908
216,2,1-7,adjust,0.07399962250059448,-0.0009505410959683331,0.0008867487516428497
216,3,1-7,adjust,0.08385405248529264,-0.001910221414931985,6.181623985867007e-05
216,4,1-7,adjust,0.005180796732057185,-0.0011313548938467308,0.0002036969415203103
216,5,1-7,adjust,0.11497213836334326,0.0003558708547403236,0.0002083787469048377
216,6,1-7,adjust,0.07748750915649884,-0.0002376193127459475,0.00029111768599393654
216,9,1-8,adjust,-0.025110867120947563,-0.0010811473077195614,0.0010066636652976402
217,2,1-4,adjust,-0.03286248817185771,0.00023060637613562304,0.0003206935405423427
217,3,1-4,adjust,-0.06958431493918701,0.0015290740584934356,0.0009319065108595084
217,6,1-5,adjust,0.04123448688573984,0.0003050052337865425,0.0009022749478088887
217,7,1-5,adjust,0.04047068690621058,0.00038251977807579265,0.0005076048118890726
217,8,1-5,adjust,0.12362382633398626,0.0015199118402584328,0.0007486606221736683
217,9,1-5,adjust,0.05934100101433052,0.0020374290965403954,0.00037528386882168616
218,2,1-7,adjust,-0.016890610447229917,0.00020418255673945666,0.000651019130923448
218,3,1-7,adjust,0.013948417438064244,-0.000366909291107348,0.0005652389675655755
218,4,1-7,adjust,0.03497736100256281,-0.000591981498734247,0.0006082739353006557
218,5,1-7,adjust,0.003285545732388399,4.095169182292603e-06,0.00024971526194208664
218,6,1-7,adjust,-0.022090082503756218,-0.0014563665270372575,0.0007094537644524617
218,9,1-8,adjust,0.026728732202002933,0.0006861069195914696,0.0019658648959501646
219,2,1-4,adjust,0.05371418921440305,-0.0009563302725625305,0.0001244701954345666
219,3,1-4,adjust,0.020818968041020607,-0.0006355950350281855,0.0004894797897798944
219,6,1-5,adjust,0.03173303267179161,0.0015709146150807204,0.0007526572747862797
219,7,1-5,adjust,-0.002004628352315834,0.0006901126732289993,0.0015317251347355223
219,8,1-5,adjust,-0.04058215333632824,0.00025491382387787137,0.001296865174976422
219,9,1-5,adjust,-0.04040989859433431,-0.0005101314767904301,0.0009935153279602047
220,2,1-7,adjust,-0.07077557564535289,0.0016899798520448677,0.00014191777304669467
220,3,1-7,adjust,-0.06528799117167472,0.0007025110544762801,0.0009091999955750241
220,4,1-7,adjust,0.048308855792990046,0.0014859180694639733,0.0006779185150110082
220,5,1-7,adjust,-0.06409716065925879,-3.834278484733384e-05,0.0007329726735618897
220,6,1-7,adjust,-0.06479141272705456,-0.0007947408417534743,0.000608239525025751
220,9,1-8,adjust,0.013865181645314984,0.000669432718132103,0.0008659163458053837
221,2,1-4,adjust,0.038050471582719014,-0.0006986867910597232,0.0005693704477878305
221,3,1-4,adjust,0.07945007243400605,-0.00019483587831479944,0.0005237180448107356
221,6,1-5,adjust,-0.014886919280511945,0.0003294735993040456,0.0014607111685972969
221,7,1-5,adjust,0.030551878721806574,-0.0006046031571422838,0.0005553814267441984
221,8,1-5,adjust,-0.055785115947402986,-0.0010701670016107757,0.00045926299049281
221,9,1-5,adjust,-0.020728530883177984,-0.0015480371540722811,0.00038861985961761194
222,2,1-7,adjust,0.04637311763342238,-0.00030232287158371346,0.0002111179744651734
222,3,1-7,adjust,-0.02247396371549261,-0.000362178623050029,0.0005785691413812351
222,4,1-7,adjust,0.0034977652394553504,-0.0011648070034529206,0.0004852944126336075
222,5,1-7,adjust,0.03422692652847162,0.00040459697220742905,0.0007868426146665921
222,6,1-7,adjust,0.11596017485188198,-0.00034927153767838067,0.0008315871923273956
222,9,1-8,adjust,-0.015650381608410986,-0.0003808996137857434,0.0007147385013134577
223,2,1-4,adjust,-0.0056771727683569955,-0.0014873364612363188,6.778993122595831e-05
223,3,1-4,adjust,0.047339695771151734,-0.0005590336529946201,0.001285746346663025
223,6,1-5,adjust,-0.0347537220212515,-0.0008385543692049455,0.0002897800296113297
223,7,1-5,adjust,-0.04177251518798468,0.0014614161100263707,0.0005055267180259101
223,8,1-5,adjust,0.05041714090023666,0.0010605009186240152,0.00046619230718412496
223,9,1-5,adjust,0.02303288560542305,0.0003243838860032774,0.0004891825481633797
224,2,1-7,adjust,-0.08654876367358016,0.0030854869350457072,0.0001427567089314351
224,3,1-7,adjust,-0.13306547460956217,0.002314802892568218,7.069701441499295e-05
224,4,1-7,adjust,-0.15359835952229595,0.0005017549063650903,2.1371501504216342e-06
224,5,1-7,adjust,-0.0637314706563371,0.0006122438213041153,0.0006994503133199548
224,6,1-7,adjust,-0.09481524481980197,0.0006809808192542238,0.0004434276854054928
224,9,1-8,adjust,0.019157313644470705,0.001809752168683104,0.00037721666947383785
225,2,1-4,adjust,0.030343824804322767,-0.0010834057889606075,2.7359276174126144e-05
225,3,1-4,adjust,0.006887089882350409,-0.00019177210447142806,0.0007579964155284985
225,6,1-5,adjust,0.029566808993065824,-5.411468751459038e-05,0.0003269203748402421
225,7,1-5,adjust,-0.025674611058374132,-0.001668058598267584,0.0004770431228019077
225,8,1-5,adjust,0.005585509041712817,-0.0008491972446904679,0.0005227663655032669
225,9,1-5,adjust,-0.008746717762006601,-0.0007889790032124611,0.0004624993596943579
226,2,1-7,adjust,0.0656592985225952,-0.0018236595171338182,0.0007798748329495205
226,3,1-7,adjust,0.029650826407060977,-0.0010716092426354851,0.0002935362310392441
226,4,1-7,adjust,0.13489603469760836,-6.900653503266583e-05,0.0007563571098156153
226,5,1-7,adjust,0.04221099002488114,-0.0010822270891479037,2.4693609072949587e-06
226,6,1-7,adjust,0.013498278208774032,0.0006151233773475097,9.050292261818696e-05
226,9,1-8,adjust,-0.015289053353852099,-0.0005629724576865018,0.0009389405388797656
227,2,1-4,adjust,-0.023672449218215777,0.0007350414458351537,0.0003372893395271613
227,3,1-4,adjust,0.09886147682861192,8.782568363480413e-05,0.0003839839437212566
227,6,1-5,adjust,-0.012282101545361367,-0.0003372615608686134,0.00019883045885003944
227,7,1-5,adjust,0.024738363402619454,0.00098170318532068,0.00032174341926363313
227,8,1-5,adjust,-0.002113986938747762,0.0007779797134358441,0.0002581381632999532
227,9,1-5,adjust,-0.027591705009354987,-0.000658379261484419,0.00022982436188764984
228,2,1-7,adjust,-0.05556944529529809,0.0006509035902987565,6.735316972292708e-05
228,3,1-7,adjust,-0.152354069753067,0.0012940240593720808,0.0003120392579068643
228,4,1-7,adjust,-0.016563973453102177,5.263376395850846e-05,0.00017623039447732446
228,5,1-7,adjust,-0.061256614130253066,0.0009031193377098733,0.00026540126112377686
228,6,1-7,adjust,0.008192103482667391,6.727828643803772e-05,0.00041390790786029327
228,9,1-8,adjust,0.06648772278198156,0.0019809831340982364,0.0006160094465463779
229,2,1-4,adjust,0.06710858602471562,-0.0002835646955416249,0.0012883423060470014
229,3,1-4,adjust,0.10679396941272622,-0.0012112336185071848,0.0008316773461862118
229,6,1-5,adjust,-0.010157956551444499,-0.000885148456968971,0.0014915758676709737
229,7,1-5,adjust,0.0294261962981198,-0.0005225372148579949,0.0004718906039023166
229,8,1-5,adjust,0.0026346310336508253,-0.0005060440957547585,0.00019471055054416623
229,9,1-5,adjust,-0.04242200016912147,-0.001375678564200368,0.0005896571335001436
230,2,1-7,adjust,-0.04122363120467797,0.0009861589816205995,0.00076600126694716
230,3,1-7,adjust,-0.022841519344271612,0.00034465677348331336,4.593703513389687e-05
230,4,1-7,adjust,0.05294905362011133,-0.0001475808837650576,0.0006884312272156505
230,5,1-7,adjust,0.10509527509620135,0.00013121685366238015,0.0005525339881135976
230,6,1-7,adjust,0.047474969680390146,0.001236757872012042,0.0002020073232440342
230,9,1-8,adjust,0.01746756943076752,0.0006666710370040068,0.0003163643177121774
231,2,1-4,adjust,0.036148204776628126,-0.0019174294050334844,0.001269836359876493
231,3,1-4,adjust,0.0864180826663331,-0.0021554912285438434,0.0011012948063350279
231,6,1-5,adjust,0.06395759931281012,-0.0005598098560844854,0.0005497562937595333
231,7,1-5,adjust,0.04148783755169017,0.0008009214709435157,0.0005066142478239713
231,8,1-5,adjust,0.07080020232467982,0.0004443807127766058,0.0005473476591612169
231,9,1-5,adjust,0.003157390131056987,0.00022160753711922683,0.0013094738196053155
232,2,1-7,adjust,-0.09002708598796724,0.0019666188520108974,0.0005062620758373022
232,3,1-7,adjust,-0.15881467499926094,0.0025159272552161428,0.00021822259295240306
232,4,1-7,adjust,0.020397987996256136,0.0011534353954991772,0.0003687407547690966
232,5,1-7,adjust,-0.058383391768849234,6.57570244952855e-05,0.00010405206532330746
232,6,1-7,adjust,-0.038405793366842765,0.0005297721501618425,0.0003450615635068404
232,9,1-8,adjust,0.04743344924596831,0.00024533704762765685,0.0008616476229651895
233,2,1-4,adjust,0.06557625112889111,-0.0005756358008217827,0.0002524383836835734
233,3,1-4,adjust,0.14418084224438663,-0.0016270278345867958,0.0012261057791088542
233,6,1-5,adjust,-0.05144886672350227,0.00022004501893633087,0.0012318553252562087
233,7,1-5,adjust,-0.050764107824578436,-0.00045438096266114383,0.0012962060739951907
233,8,1-5,adjust,-0.0797907736763253,0.0006122218784442439,4.670599103799402e-05
233,9,1-5,adjust,-0.0753533467166295,-0.0009786504199962307,0.0007002037196608756
234,2,1-7,adjust,-0.03210616006405803,0.0002968905133282185,0.0009585373137928688
234,3,1-7,adjust,-0.1029572048240851,0.00155900274151116,0.0009969998040192803
234,4,1-7,adjust,-0.057417382470458994,-0.00158349445117228,0.0009753915205964589
234,5,1-7,adjust,-0.03363960088751157,-0.001255329482744927,0.0011661813738680564
234,6,1-7,adjust,-0.000952237340003281,-0.0004220507645832711,0.0006939637330778988
234,9,1-8,adjust,0.049288647874236494,0.0009903538643783482,0.0007211384691248
235,2,1-4,adjust,0.07181354852697772,-0.0012193129774216514,0.00039258278139013184
235,3,1-4,adjust,0.08358724827884526,-0.0017503963144151263,0.0007742188278289285
235,6,1-5,adjust,-0.030724253233034314,-0.001533798857831515,0.0005120254353160731
235,7,1-5,adjust,-0.0879696743763818,-0.0008663119320484017,0.0008868153736252558
235,8,1-5,adjust,-0.1029717795188282,-0.002899210724821868,0.0011777522286400008
235,9,1-5,adjust,-0.03780556575307424,-0.0014652977871729544,0.0003223246261894817
236,2,1-7,adjust,-0.04348875523072454,0.0006683781034530731,0.0015126936267021507
236,3,1-7,adjust,-0.05152087204861258,0.0002879792205681025,0.0011491773721437233
236,4,1-7,adjust,-0.08803609457562535,0.0005023534078629645,0.0006646138369445788
236,5,1-7,adjust,0.0019482426973608312,0.0014096689559477396,0.0015232344467721922
236,6,1-7,adjust,0.004025543715348124,0.001921124602864462,0.001498818808685322
236,9,1-8,adjust,-0.06598268913782879,-0.001735202974357497,0.001108212757721453
237,2,1-4,adjust,-0.001994151995947767,-6.846773520438154e-05,0.0009198018234174353
237,3,1-4,adjust,-0.012737387783756037,0.0010689536022590212,0.00037054295631593233
237,6,1-5,adjust,-0.0034962121952157345,-0.00011975231536381642,0.00043996436191947816
237,7,1-5,adjust,0.08862699633009945,0.001813247120439904,0.000830650241943986
237,8,1-5,adjust,0.11575644601781179,0.0018958682092952536,0.0005332887152821685
237,9,1-5,adjust,0.07734615954285115,0.0032244837346203196,0.0005997459630065563
238,2,1-7,adjust,-0.030874369326716375,0.0010642632050833145,0.00018006416971222663
238,3,1-7,adjust,-0.10670708511683885,0.001051776683133876,0.0007167825891383901
238,4,1-7,adjust,-0.12358759406855377,0.0005291561027252258,0.000877485496815322
238,5,1-7,adjust,-0.06526221850484869,-0.001312020941688824,0.00019971361377736364
238,6,1-7,adjust,0.006175370357103422,4.0677129864923635e-05,7.784852320840734e-05
238,9,1-8,adjust,0.009833753840041988,-0.0006911689928023,0.00018062627358906034
239,2,1-4,adjust,-0.028929033505550702,0.0009785361567903447,0.0011098261837990814
239,3,1-4,adjust,0.03691925659399088,0.0002829135658030012,0.0013926059596225874
239,6,1-5,adjust,-0.09145436428201123,-0.00048534090767410993,0.0003648459083584599
239,7,1-4,adjust,-0.09074316167372697,-0.00181740949208556,1.1170576536518155e-05
239,8,1-5,adjust,-0.1284500255850029,-0.0010435638443264028,0.0008814909583165342
239,9,1-5,adjust,-0.05933304887504689,-0.0011997244012109823,0.0012198314163637694
240,2,1-7,adjust,0.06735425958157826,-0.0023638182712374996,0.001237433131500376
240,3,1-7,adjust,0.06377114006919825,-0.0012086808345162937,0.0011817253366154217
240,4,1-7,adjust,0.19785238858305007,-8.89081731345642e-05,0.0004434168147465542
240,5,1-7,adjust,0.01954660209591829,-0.0002288698698506791,2.306440222158351e-05
240,6,1-7,adjust,0.06608501920549599,-5.056706629846792e-05,5.542472991487454e-05
240,9,1-8,adjust,-0.03717712402262005,-0.0012976497053762736,0.000842757203059225
241,2,1-4,adjust,-0.03204376932242103,0.0006033112730774081,0.0006169400555409311
241,3,1-4,adjust,0.030750116865600512,-0.0005187429265501817,0.0004809544007074627
241,6,1-5,adjust,-0.04163162961657699,0.0002498647947643009,0.001152162884564649
241,7,1-5,adjust,-0.04007421103672565,0.0005060447818565582,0.0017481192318495227
241,8,1-5,adjust,0.07841260793648032,0.00045942892436338283,0.001008378189827926
241,9,1-5,adjust,0.054345434128120824,0.001306477072318505,0.0003401890510726299
242,2,1-7,adjust,0.00042417435646799215,0.0005964588230766084,0.00046445896835090814
242,3,1-7,adjust,-0.05876934038857808,0.0004340718745973498,0.0005856637842610497
242,4,1-7,adjust,-0.046857141339881135,-0.00020270590791288386,0.0004570660172635663
242,5,1-7,adjust,-0.0010235234624441736,0.0009501082554457003,0.0006918230726372135
242,6,1-7,adjust,-0.0440359532248652,-0.000563935814317287,0.0007050705632725248
242,9,1-8,adjust,0.008984174000018223,0.00036780520344795344,0.00036690841742085997
243,2,1-4,adjust,0.018147224116300827,0.00033310355452563305,6.907142041821621e-05
243,3,1-4,adjust,0.04060439542309097,0.0004457746356434676,0.0003021599442200771
243,6,1-5,adjust,0.043220165361384795,0.0004285336858444736,0.0007117837166048591
243,7,1-5,adjust,0.07869089734626375,-0.00018752703793816706,0.000752868866760196
243,8,1-5,adjust,0.016461964314098992,0.0008869060680547521,0.0002007525272675613
243,9,1-5,adjust,-0.027253989250165978,-0.0001612679793050767,0.0005305308316836984
244,2,1-7,adjust,-0.010874699893065711,-0.00044177902965992144,0.00010135903179556778
244,3,1-7,adjust,0.03427976941066065,-0.0008573946001198109,0.0005216336639061931
244,4,1-7,adjust,-0.0017259032324242662,-0.00013151072075579835,3.5351557663755175e-05
244,5,1-7,adjust,0.049484091676141546,0.0003603402878066864,4.994112158508135e-05
244,6,1-7,adjust,0.02050019823519844,-0.0010861621148244213,0.0007768157020145853
244,9,1-8,adjust,0.04373331242947099,0.0010492198622185287,0.001292729660034497
245,2,1-4,adjust,0.031315525326608855,-0.0009397525611719476,0.00047075500455919894
245,3,1-4,adjust,-0.02695459757857569,-9.24760413675515e-05,0.0005257561885540903
245,6,1-5,adjust,0.010205618820281266,0.0020357808126011327,0.0005954054702832369
245,7,1-5,adjust,0.019326357004353985,0.000449444794226271,0.0007288809195813641
245,8,1-5,adjust,0.04758657520482013,0.0005197565785332498,0.0003263857538052331
245,9,1-5,adjust,0.0006808311668152875,-0.00014530495668143437,0.0005608275776625588
246,2,1-7,adjust,-0.003367239018545267,0.0003821298487327274,0.001446895120203972
246,3,1-7,adjust,-0.03576153115105255,-0.00023716147442759736,0.0007833651961416658
246,4,1-7,adjust,0.010257330430659527,-0.0001944150625055828,0.0002523505092483188
246,5,1-7,adjust,-0.016296325432895314,-0.0005577268185738044,0.0009012644672782713
246,6,1-7,adjust,0.010479692114348618,-0.001273918757247104,0.0006372294584027409
246,9,1-8,adjust,0.03419264460870827,0.0008123732620042911,0.001005210964316366
247,2,1-4,adjust,-0.023375821742466996,0.00027539841096231864,0.0002338182247287324
247,3,1-4,adjust,0.042973580385754835,0.0005467585369309312,0.000453586423694647
247,6,1-5,adjust,-0.009033214305183623,-0.00019166380181116836,0.0009206541086964092
247,7,1-5,adjust,-0.05221945503872225,-0.0005383669339179636,0.0006264837247883542
247,8,1-5,adjust,-0.05783086643724554,-0.0012171279702902014,0.00029525052790084337
247,9,1-5,adjust,-0.04818877539511395,-0.0010364776893744185,0.0004686364478702124
248,2,1-7,adjust,0.003739286787724069,-0.00047645309612674323,0.00023056949916610577
248,3,1-7,adjust,0.01520171959881304,-9.096251613646168e-05,0.00013456813216783443
248,4,1-7,adjust,-0.10694238943609763,0.000500929766198443,0.0002814871072004604
248,5,1-7,adjust,-0.007036460207049186,0.0008484858707802605,0.00041683173938300404
248,6,1-7,adjust,-0.0005210292415020991,0.0006534721405109217,0.0008124769392669351
248,9,1-8,adjust,-0.013679924525244838,3.678713942022966e-06,0.00045390986392701836
249,2,1-4,adjust,-0.04179262865824493,0.001567534223773514,0.0012210172311346403
249,3,1-4,adjust,-0.09379952925159302,0.0003088047174099776,0.00017864079806708956
249,6,1-5,adjust,0.01717825643077566,-6.245484178484275e-05,0.0011276903510601783
249,7,1-5,adjust,0.0217355716453303,0.0012130673471435018,0.00014651316614833665
249,8,1-5,adjust,0.018129704932485405,0.001217062678323659,0.0008769017681054058
249,9,1-5,adjust,0.0671839877377475,0.0008721514410661614,0.0005238410652077353
250,2,1-7,adjust,0.025702370084693983,-0.00036642859248569253,0.00043462209049721667
250,3,1-7,adjust,-0.04372786114703334,0.0013923590821548312,0.00013051468445645492
250,4,1-7,adjust,0.07323341050146628,0.00040495633381545736,0.000274903744786678
250,5,1-7,adjust,-0.04731918780955953,-0.000922038030320402,0.0007096821842525274
250,6,1-7,adjust,-0.06029950691921378,-0.0002618408647355998,0.00010331721558884764
250,9,1-8,adjust,-0.022376938233140155,-3.311658710834458e-05,0.0002643115073166506
251,2,1-4,adjust,-0.0006698046553885232,-0.0008803575204081246,9.326985393731964e-05
251,3,1-4,adjust,0.07119284489427456,-0.0017665705457995265,7.627807499905185e-05
251,6,1-5,adjust,0.000917475716964355,0.00022789280421195313,0.0012748574829464484
251,7,1-5,adjust,0.0007115903072135957,-0.0016937490453867354,0.000999205473994556
251,8,1-5,adjust,-0.03901670514083235,-0.0016770763274354574,0.0014409286385101442
251,9,1-5,adjust,-0.00260767147468744,-0.001749987638049614,0.0009794203284943467
252,2,1-7,adjust,0.021089812446089547,-0.000724352644409116,0.00013836562216094797
252,3,1-7,adjust,0.10940496466388884,-0.0007521147909501472,0.00014491153623628425
252,4,1-7,adjust,0.07747783162165854,-0.0017470512304229332,0.00034715289184788996
252,5,1-7,adjust,0.09758845942026488,0.0005275675438395122,0.0003592315380667915
252,6,1-7,adjust,0.0992316879563058,0.00029666469328035546,4.9685945551435865e-06
252,9,1-8,adjust,-0.056968338692548075,5.834790877533773e-05,0.0009651499933534324
253,2,1-4,adjust,0.05256208100020891,-0.0012989390985128902,0.002163256713334182
253,3,1-4,adjust,-0.025672895627720276,-0.0007210415639466166,0.0020669846436242203
253,6,1-5,adjust,0.0010317443872674007,0.00033483936057129133,0.0017409812929885062
253,7,1-5,adjust,0.11434305520195828,0.0007632798779599431,0.0014418437616144052
253,8,1-5,adjust,0.055499148228059146,0.0009459866911233101,0.0015173399332695167
253,9,1-5,adjust,0.051662773180616316,0.0014489691882072075,0.0016580820502939914
254,2,1-7,adjust,-0.07812921550009305,0.0023512954684552544,0.00033680849196319763
254,3,1-7,adjust,0.01811417630115386,0.0011036990699012461,0.00036075333049601294
254,4,1-7,adjust,-0.13548848988422596,0.0006439205762399171,0.00041304349870912167
254,5,1-7,adjust,0.09499952353523071,-0.0003423167393885667,0.0005013088161221614
254,6,1-7,adjust,0.05918057359706415,-0.0001365465478584118,0.0006036975211263798
254,9,1-8,adjust,0.005621269430290631,-0.00014855457516211527,0.0005296338297714766
255,2,1-4,adjust,0.012100500459801608,-0.00019038970355024498,0.0007049926458249899
255,3,1-4,adjust,-0.12214939898371915,0.0016325043028341895,0.002522697512829622
255,6,1-5,adjust,0.014313712990457294,0.0003844117290992945,0.002807876408904336
255,7,1-5,adjust,0.0011707037879162684,0.0007111358234370717,0.0016133075164369987
255,8,1-5,adjust,0.06660014793060984,0.0004435628974207645,0.0010462310597134047
255,9,1-5,adjust,-0.020181084978288133,0.00045749341699207537,0.0006794464043996326
256,2,1-7,adjust,-0.020001587269629886,3.325663935485768e-05,0.0005300151188401615
256,3,1-7,adjust,0.023816971882792536,-0.00033601020265118216,0.0013675589860278217
256,4,1-7,adjust,0.055686858461149465,0.00017195125895810604,0.0009813802888306777
256,5,1-7,adjust,-0.10088014401960013,-0.0005892234119460095,0.0002620960502080997
256,6,1-7,adjust,-0.03683433198085067,-0.0009227635004983966,0.0005060416254841192
256,9,1-8,adjust,0.06451878180241354,-0.00017257855304502606,0.0002677367008626434
257,2,1-4,adjust,0.03492192551823817,1.9972308695044774e-05,0.0006641151329615166
257,3,1-4,adjust,0.0031547245602032543,-0.001016078425069898,0.0008758131052398967
257,6,1-5,adjust,-0.08237801149012498,-0.00014871251408148122,0.00019135624082202948
257,7,1-5,adjust,-0.0922564101332879,-0.0011352231750867195,0.0002423064563453895
257,8,1-5,adjust,-0.16736773705432317,-0.0016428117960184145,0.0004366283380955574
257,9,1-5,adjust,-0.06907151296433181,-0.0005946705811456428,2.9294014594302645e-05
258,2,1-7,adjust,0.041575667147126225,-0.0005591782273895751,0.0007015293869001721
258,3,1-7,adjust,0.06316944665463053,-0.0006822806215834631,0.0008298008067847988
258,4,1-7,adjust,0.11098932995010097,0.0006426797969836909,5.700230912169139e-05
258,5,1-7,adjust,-0.020995998752012603,0.0005306262294625701,5.193742136950015e-05
258,6,1-7,adjust,0.020903275635705838,0.00038016979128178,4.7862973380147125e-05
258,9,1-8,adjust,-0.05019784093668701,-0.0015292687598552474,0.0010912020858365769
259,2,1-4,adjust,-0.015573246109175832,-0.00045948441018433406,0.0006283110920627114
259,3,1-4,adjust,0.003973984713868928,4.448384532789386e-05,0.0005278324926461731
259,6,1-5,adjust,0.023303154438124724,-0.0007136686096703975,0.0013877044710066126
259,7,1-5,adjust,0.013506888292318867,0.0006946292760058116,0.0006227667874305708
259,8,1-5,adjust,0.0187044568843825,0.001444275909850376,0.00013298918909769713
259,9,1-5,adjust,0.03312826725891459,0.0013259559664318956,0.00030790623522494346
260,2,1-7,adjust,0.007754068120297842,-0.0003640062527156379,0.00025693946040473823
260,3,1-7,adjust,-0.07283272138210027,0.0009304370785781878,0.0001962487786031725
260,4,1-7,adjust,-0.12244050509114436,-0.00043184968833097077,0.0008978639443243105
260,5,1-7,adjust,0.006177952271809927,-0.0003102151074462962,0.0006099019638312185
260,6,1-7,adjust,-0.011385901602474439,0.0004977834147695768,0.001031670551341852
260,9,1-8,adjust,0.007031679912672337,-0.00045723336150479217,0.0009244734282563721
261,2,1-4,adjust,-0.059374777834661344,0.0011817007012773122,0.0004802001595788901
261,3,1-4,adjust,0.019835485874427454,0.00047609780447490903,0.0008178681658089836
261,6,1-5,adjust,-0.05295487887635826,0.0005324348667546868,0.00041564712276090723
261,7,1-5,adjust,-0.04033075902679101,2.5631213676772696e-05,0.00018706459910891276
261,8,1-5,adjust,-0.020312343077102384,-0.0017313538585748986,0.00020254337312299056
261,9,1-5,adjust,-0.005448630660759913,-0.00034693235306861145,0.0006742670579149633
262,2,1-7,adjust,0.04094951131837899,-0.00036715541951850476,0.0016822311826413816
262,3,1-7,adjust,-0.006343307219394677,-0.0007584428338898879,0.0010093643503830544
262,4,1-7,adjust,-0.040611481830998254,3.347428241842393e-05,0.001175280436943249
262,5,1-7,adjust,-0.10866822143431573,5.7298670211488066e-05,0.0008753131827126054
262,6,1-7,adjust,-0.0037679270405169838,-0.0014564445219300457,0.0005825993186784124
262,9,1-8,adjust,-0.03907224139500082,-0.0008423926575112175,0.0018443673788987901
263,2,1-4,adjust,-0.0501863909740331,0.0011369437565605274,0.0003730316086136333
263,3,1-4,adjust,-0.05437693730139824,0.0005559682502605033,0.00019485995832862875
263,6,1-5,adjust,-0.06568180265079655,0.0004654644481261379,0.0004525549610152193
263,7,1-5,adjust,-0.08684737140448008,-0.000953012637822933,0.0005506200546828358
263,8,1-5,adjust,0.05686796755802983,0.0015525869151218417,0.00020519094402740795
263,9,1-5,adjust,0.06000933301608479,0.0012545053116939577,0.0004166084380772634
264,2,1-7,adjust,0.07427049481780337,-0.0023735303979439794,0.0006925627693959395
264,3,1-7,adjust,0.08060204361782337,-0.0003303552549243769,0.00033236222990941323
264,4,1-7,adjust,0.08552857946993819,2.073947254919562e-05,0.00029376523050795054
264,5,1-7,adjust,-0.014581828203361635,-0.0004177762441583178,0.00017940633894124154
264,6,1-7,adjust,0.007044480171354437,0.0008986370137068564,5.312924332425769e-05
264,9,1-8,adjust,-0.009276975697736643,0.0004111553317411793,0.0012971313164886777
265,2,1-4,adjust,-0.022448928228464306,0.0012797397230459849,0.000819246618196692
265,3,1-4,adjust,0.0009662813443383692,-0.0008199525677519519,0.0011893359264684704
265,6,1-5,adjust,-0.026313611108151287,-0.0012443162732918365,0.0018153588112811688
265,7,1-5,adjust,-0.036253286728779324,0.0002711413557289769,0.001634745029935243
265,8,1-5,adjust,-0.07360952654325864,-0.001950876527630624,0.0019731457361185493
265,9,1-5,adjust,-0.03551789514916962,-0.0008832259892964081,0.0013526069174589113
266,2,1-7,adjust,0.02031047373857428,-0.00041619597005539024,0.0008058575974748443
266,3,1-7,adjust,0.0430273790751841,0.0005484562036089474,0.0008549488742653459
266,4,1-7,adjust,-0.014214249131463118,0.0004045658857956739,0.0006368384218469193
266,5,1-7,adjust,0.03494266917407149,0.0011359928818391967,0.0016813872886116043
266,6,1-7,adjust,0.01332830715264205,0.0010998087702789804,0.002301782015564848
266,9,1-8,adjust,-0.020266648739360512,-0.0015340884833331,0.0008014105953413237
267,2,1-4,adjust,-0.04964644701416911,0.0018209263619567231,0.0006390678864609119
267,3,1-4,adjust,-0.07640717931551438,-4.540675045158796e-05,0.001216380113274385
267,6,1-5,adjust,0.06896783142905953,-0.0009919626025075698,0.0013126615029160342
267,7,1-5,adjust,0.09583793087317508,0.0011687201066590807,6.833640836551454e-05
267,8,1-5,adjust,0.11246707794639184,0.0019674395426017097,0.00027980152290425076
267,9,1-5,adjust,0.08900745771392585,0.0025525258705760886,2.1350897670175393e-05
268,2,1-7,adjust,-0.002494138692920827,-0.0005718130997010463,0.00022581329917284064
268,3,1-7,adjust,-0.042352461763213944,0.0010361607133234077,6.477320573057763e-05
268,4,1-7,adjust,-0.016311996603458237,0.00035389403064988145,0.0007542476218121838
268,5,1-7,adjust,0.02545774303355238,9.970330539704113e-05,0.0002099508349194061
268,6,1-7,adjust,-0.08983876617109086,-0.00028753244372619463,0.0009182097828398797
268,9,1-8,adjust,0.010044217321187198,0.00036158722202193265,0.0008187465268640443
269,2,1-4,adjust,0.008618006043306335,-0.0007291069092547797,5.165250781108199e-05
269,3,1-4,adjust,0.025197066304062272,4.436126939744427e-07,0.0002988786747310312
269,6,1-5,adjust,0.08775218940943244,0.0010763027395513695,0.0007222706551023928
269,7,1-5,adjust,-0.020996253245365814,-0.00015839804277385618,0.00047255140372108725
269,8,1-5,adjust,-0.016442271937611955,0.0002875488275428623,0.00030567910026885187
269,9,1-5,adjust,-0.027045379049587613,-0.00014388032559395003,0.00012832209299628021
270,2,1-7,adjust,-0.04456603664617679,0.0013051807977908694,9.186716798273895e-05
270,3,1-7,adjust,-0.021241512937129368,-0.00010847797350341262,0.00026426346875595537
270,4,1-7,adjust,-0.12507835962878255,-0.0005511241388684447,0.0001774552355168442
270,5,1-7,adjust,-0.05250198584481685,-0.0002893218310225653,0.00030416654013536973
270,6,1-7,adjust,-0.06554148314932788,-0.0010216698739149432,0.0004445652823551638
270,9,1-8,adjust,-0.011404650539914407,0.00048773468334221715,0.0011885595814383682
271,2,1-4,adjust,-0.004489605162018246,0.0004500862490623094,0.0007851516783980044
271,3,1-4,adjust,-0.03284816954023391,0.0007944521988703751,0.0007969488772594315
271,6,1-5,adjust,0.003665549964118871,0.0011093916191224275,3.723512604183128e-05
271,7,1-5,adjust,-0.015240135986616467,-0.000537535116680468,0.00039723870091270695
271,8,1-5,adjust,-0.04578532599191486,-0.0009118153965078422,0.000282152351236369
271,9,1-5,adjust,-0.0019401383896454467,-0.0008860603203492954,0.0001110647927943426
272,2,1-7,adjust,0.09144036798839528,-0.002158895914933607,0.0003317465846280845
272,3,1-7,adjust,0.10123799398711883,-0.0016732852402782763,7.146938258828582e-06
272,4,1-7,adjust,0.04316688159552149,0.00024608793597394275,0.0009361533928895467
272,5,1-7,adjust,0.03650029000119654,-0.0002767920004180713,5.822202316796793e-05
272,6,1-7,adjust,0.04486415730516055,3.134780630904322e-05,0.0010229668099057555
272,9,1-8,adjust,-0.028691938708652293,-0.0008376117750351768,0.00011220973808221732
273,2,1-4,adjust,-0.07832744150591835,0.0008723962619865687,0.0010678980899744648
273,3,1-5,adjust,-0.08502813099165894,0.0009374575612032254,6.605699531630516e-05
273,6,1-5,adjust,-0.0013410388576189523,-0.0003923798879298561,0.00048131006906648835
273,7,1-5,adjust,-0.007539906275870959,-6.907130537233745e-05,0.0010722807471825184
273,8,1-5,adjust,-0.021018529585633498,-0.00032808382024503217,0.0010184103534967698
273,9,1-5,adjust,0.01840422011392064,0.0007240027633491215,0.0008663282961260331
274,2,1-7,adjust,0.06344204527220057,-0.0012899319610277975,9.37995207981137e-05
274,3,1-7,adjust,0.12131644184379417,-0.0016316296826623263,9.25583189774235e-05
274,4,1-7,adjust,0.06635418219307464,-0.00022857937083013366,0.00023486111239968038
274,5,1-7,adjust,0.0176773166447558,0.0005670410839318661,0.00021232374326953695
274,6,1-7,adjust,-0.04323462184276802,3.356370299524786e-05,0.0006637033313603497
274,9,1-8,adjust,-0.024791090771547807,-0.001701059136499779,6.977564532801867e-05
275,2,1-4,adjust,-0.03954446061190153,0.0010190630188991392,0.0009694674335567688
275,3,1-5,adjust,-0.06916988701341426,0.001959565880006801,2.2026083533582736e-05
275,6,1-5,adjust,0.07444247009661897,0.0005605799347688216,5.941542543999808e-06
275,7,1-5,adjust,0.07465512119050749,0.0005458400428025771,0.00012033846960350491
275,8,1-5,adjust,0.09910499523128175,0.00045182872550683157,8.389529934662137e-05
275,9,1-5,adjust,0.034960763681661323,0.002281963724891283,0.00010579742915667903
276,2,1-7,adjust,0.023576110797012998,-0.00047649366172887263,0.0005746112485667407
276,3,1-7,adjust,0.04657372802364648,-7.99009330096834e-07,0.0005238696033134249
276,4,1-7,adjust,0.02115107798575558,0.0004674348788215748,0.00022369597360768836
276,5,1-7,adjust,-0.009713247149471306,0.0002923640146981743,0.0008992509587162317
276,6,1-7,adjust,-0.01618716977620975,-0.0002993437840248423,0.00030477341661731865
276,9,1-8,adjust,0.03330932415661874,0.0008438725538966851,0.0009426255159509448
277,2,1-4,adjust,-0.0360586871058517,0.00048784241075696603,0.00021213071255856775
277,3,1-4,adjust,-0.03988300377293649,-0.000315490084618772,0.0008327495177390581
277,6,1-5,adjust,0.029188596518863064,0.00016057542614328338,0.0003751111353643971
277,7,1-5,adjust,0.02492953054300476,-0.000544701638239498,0.0005342586909669421
277,8,1-5,adjust,-0.02004104051207011,-0.0005460308949141813,0.0008613833386189361
277,9,1-5,adjust,-0.02617308585362496,-0.001345427470524711,0.000605811305793952
278,2,1-7,adjust,0.04737016933604149,-0.00037401867952505113,0.0002293017892301087
278,3,1-7,adjust,0.09285342809336943,-3.7978563178370314e-05,0.0006650429944261502
278,4,1-7,adjust,-0.006506815753791733,-0.00030180833395956875,0.0009480841346597578
278,5,1-7,adjust,0.08063720780291866,-0.00035079989068781907,0.0011070217398762977
278,6,1-7,adjust,0.013863029570962531,-0.00017967047822900164,0.0008480637690199988
278,9,1-8,adjust,-0.017747028217859905,-0.0004658767860287672,0.0003249668017815477
279,2,1-4,adjust,-0.0359107162311363,0.0008588864039262314,0.0003020874530003488
279,3,1-4,adjust,-0.06662036809950644,0.0007968053905205283,0.0004066702869988671
279,6,1-5,adjust,0.04404955325681827,-0.0007669509265372281,4.956151637924854e-06
279,7,1-5,adjust,0.033852152585619626,0.00031426561507088245,0.00026827290479195133
279,8,1-5,adjust,0.0038506307263359097,0.0008915852382946572,1.9412711727961543e-05
279,9,1-5,adjust,0.045203940189085426,0.0010795946577384342,0.00022920632978796964
280,2,1-7,adjust,0.0014987704127832208,0.0006424254277439184,0.00036910709457810986
280,3,1-7,adjust,0.03820715470238753,-0.0004998147492252155,0.00017045119000002755
280,4,1-7,adjust,0.04785954876672904,5.9381248080310376e-05,5.253947699577245e-05
280,5,1-7,adjust,-0.027802784276713934,-0.0005625589626744612,0.00011896250112022342
280,6,1-7,adjust,-0.039055341506912596,0.0009396350081644818,0.00030530851429067885
280,9,1-8,adjust,-0.013605266357001806,0.0004331160164340374,0.00020191871877881477
281,2,1-4,adjust,0.028484429863612094,-0.0014882471381738773,0.00012651610786817256
281,3,1-4,adjust,-0.03758726973764685,-0.0010888649892840919,0.0005199959216045516
281,6,1-5,adjust,-0.029447482158110994,-0.0006448672211776836,0.0013446663739059312
281,7,1-5,adjust,-0.07291570541895444,2.102129219834765e-05,0.000501189050356815
281,8,1-5,adjust,-0.06656867820007802,-0.0003822664880248419,0.0011859945414560845
281,9,1-5,adjust,-0.015294301041619513,-0.001454391256500783,0.0009430016555792423
282,2,1-7,adjust,-0.02218237102891041,0.0002727887994835549,0.00025868388613012165
282,3,1-7,adjust,-0.05594006386990661,0.0005686629650562938,0.0004528446273449934
282,4,1-7,adjust,-0.13525525582578196,-0.0007125687013460724,0.00029402558880673205
282,5,1-7,adjust,0.007790723715358616,0.00033585031517896036,0.00014347293977297383
282,6,1-7,adjust,-0.006735908306915867,0.0005067114733203623,0.0005065464116749446
282,9,1-8,adjust,-0.0391353027540279,-0.0001562290788104617,0.001213144451111796
283,2,1-4,adjust,-0.013216248171988463,1.4261244866594169e-05,0.00025435577226474954
283,3,1-4,adjust,-0.030331020705900904,0.0006158377259603691,0.0006134464277351612
283,6,1-5,adjust,0.05297337845684282,-0.0004541324719639763,0.0013718846083299913
283,7,1-5,adjust,0.09119461260817281,6.767976286852054e-05,0.001175529465057987
283,8,1-5,adjust,0.05382828595027882,0.00013207433551416778,0.00045043598796938063
283,9,1-5,adjust,0.053837040137701825,0.000436561802045775,0.0003265714983675573
284,2,1-7,adjust,-0.005651624519938278,-0.00010771436104788207,0.00020139968044360324
284,3,1-7,adjust,0.1597266860931023,-0.0016218948097737802,0.0006741451372929342
284,4,1-7,adjust,0.09559958248053212,-0.00034477299894772274,0.0006101272332932428
284,5,1-7,adjust,0.043430740813543124,-4.794589780936276e-06,0.0004334310806365231
284,6,1-7,adjust,0.01968726274533341,0.00029726649243619097,3.1175575924671555e-06
284,9,1-8,adjust,-0.012366926956198954,-0.0004046074300748523,0.0005508373047638283
285,2,1-4,adjust,0.03576142002104446,0.00046251731424275906,7.27280316335853e-05
285,3,1-4,adjust,-0.0578107906478526,-0.00025707979832577724,0.00034109742052111544
285,6,1-5,adjust,0.025487895647787247,-0.0008600237779670933,0.00012165392355312789
285,7,1-5,adjust,-0.07233451479853416,8.00964437770038e-05,0.00019744091582679714
285,8,1-5,adjust,0.010845701339654394,-0.0008376344700001641,0.0006019538277562076
285,9,1-5,adjust,-0.002105760035715014,7.533166983060335e-05,0.00026392030886911627
286,2,1-7,adjust,-0.03520801278028919,0.0010485546660277667,0.0008830876931593379
286,3,1-7,adjust,-0.0009294433237689758,0.0007449876142879485,0.0009859067601423867
286,4,1-7,adjust,-0.07242387680455929,0.0009960658390414667,0.001003387042710951
286,5,1-7,adjust,-0.13851095600222024,0.00017414281449677722,0.0013194280408795008
286,6,1-7,adjust,-0.07992485460194194,0.0007138882612702485,0.0016850687003304545
286,9,1-8,adjust,0.0015283710428395693,-0.00022743336612689326,0.0003259343332920824
287,2,1-4,adjust,-0.009465883571592254,-0.0002018550155258998,6.096880653225947e-05
287,3,1-4,adjust,-0.0627217105963642,0.0011109352886577721,0.0003081926314339042
287,6,1-5,adjust,-0.07852888370690958,0.00023071309714155867,0.0005591890337154152
287,7,1-5,adjust,-0.01961078991377957,-0.001346678348309564,0.0003494161297312163
287,8,1-5,adjust,-0.04729273118095366,0.0007691280333074439,0.0006394057345462078
287,9,1-5,adjust,0.022730697025621416,0.0009883694100464354,8.51964413302838e-05
288,2,1-7,adjust,0.060898403275673973,-0.002759700882706287,0.0008844834130089051
288,3,1-7,adjust,0.14706553049557344,-0.0023074369298844667,0.0009851400000335819
288,4,1-7,adjust,0.14920351992083197,-0.0010374622894803692,6.278154284917371e-05
288,5,1-7,adjust,0.12296005026777915,-0.0009409893847803928,4.411700362839392e-05
288,6,1-7,adjust,0.07517972956499581,-0.0004285701626493819,0.0005397249205326745
288,9,1-8,adjust,-0.04302159735931194,-0.0012252568110550164,0.0007049071303614238
289,2,1-4,adjust,0.0038183660557398243,-0.00036770650004610086,0.0007972960832261472
289,3,1-4,adjust,-0.054845324318739404,0.0009053812651142082,0.0007282414393239552
289,6,1-5,adjust,0.0008053404341172214,0.001192895523050426,0.00017348668882716746
289,7,1-5,adjust,0.0111354238892291,0.0004366906787163946,8.235210755172457e-05
289,8,1-5,adjust,0.003415393209907773,-0.0006650712369041017,0.00043739624643874555
289,9,1-5,adjust,-0.012158720070572067,0.000538390080797536,0.0003150168665619893
290,2,1-7,adjust,0.007513963090399991,0.0013566909051892168,0.00017098945465508786
290,3,1-7,adjust,-0.012626190249489952,-3.537839147652527e-05,0.0008416067322700985
290,4,1-7,adjust,-0.049638099033607316,0.0006730087401693908,0.0006088479700315224
290,5,1-7,adjust,-0.04861142619757609,0.0008444571488841704,0.0005535587550275287
290,6,1-7,adjust,0.044717952350423494,-0.0005697518622602295,0.0004545771773435498
290,9,1-8,adjust,0.0027682874060558416,0.00070642124924869,5.02959392873339e-05
291,2,1-4,adjust,-0.05047734710655696,0.0008668266389740404,0.00033025873164144995
291,3,1-4,adjust,-0.025599757862361936,0.0003215563091250502,0.00035184240054347566
291,6,1-5,adjust,-0.04376259411241122,-0.0005079738866682245,0.00013520049039072708
291,7,1-5,adjust,0.0340460616060609,0.0008997978371297486,0.000875417403125583
291,8,1-5,adjust,-0.021161484427262362,0.0007411597312657372,0.00019377155511998595
291,9,1-5,adjust,0.03126447817435375,0.00031030719619606147,0.0004204469415039079
292,2,1-7,adjust,0.0015212166029377288,-0.00010183554106370602,0.0009023432985495889
292,3,1-7,adjust,-0.0421111785175395,0.0005541346850475823,0.0005863706113026625
292,4,1-7,adjust,-0.06622638732949256,0.00010285964088963696,0.0007795231633807128
292,5,1-7,adjust,-0.010840346523151736,-0.0007042121801154283,6.924261381249196e-05
292,6,1-7,adjust,0.0395818176857474,0.0007450129484000061,5.239627208519e-05
292,9,1-8,adjust,-0.030785900762900883,-0.0015355107003463355,0.0012175572552035408
293,2,1-4,adjust,0.0021886539541689015,0.0007840365760117787,0.000569096149717404
293,3,1-4,adjust,0.02380504047847265,-0.00025566045297480936,0.0007172349781135429
293,6,1-5,adjust,-0.04569583691468107,-0.000774844361501686,0.0003117291237855444
293,7,1-5,adjust,-0.11845950231608232,-0.0005427058548327203,0.0009612379337049272
293,8,1-5,adjust,0.05267325217085117,-0.0009407280645229904,0.0004251995372822648
293,9,1-5,adjust,0.03427648848914498,0.0007166023703327164,0.00011293064256431602
294,2,1-7,adjust,0.06271564905275459,-0.0028805078570416816,2.697666323835058e-05
294,3,1-7,adjust,-0.018673065862669556,-0.0001773191258958018,0.0008506133943566841
294,4,1-7,adjust,-0.003973434152827588,-0.0003798177471026645,0.0013118174178933244
294,5,1-7,adjust,0.01803516682258787,0.0004134758234176373,0.00047965981446508306
294,6,1-7,adjust,-0.1015300775205307,-8.163048961726805e-05,0.002566303675581783
294,9,1-8,adjust,-0.026666011101998455,-0.0006330676077781003,0.0008627224298293015
295,2,1-4,adjust,-0.09076177652376358,0.0022390796491973657,0.00047607941825790413
295,3,1-4,adjust,0.004187506391248561,0.00025932009868914323,6.776895830477307e-05
295,6,1-5,adjust,0.131641534241362,-5.544225765188955e-05,0.00020175852876762817
295,7,1-5,adjust,0.08975955171608625,-7.641801937278242e-05,0.00014433418295184048
295,8,1-5,adjust,-0.04850194897128405,-8.27311658058944e-05,0.001178234001515277
295,9,1-5,adjust,0.017626631029900267,0.0005414046227723586,0.00011875818709183353
296,2,1-7,adjust,0.0692357448803069,-0.00136569094902987,0.0012710024759021667
296,3,1-7,adjust,-0.01518647987062481,-0.0010694998723303198,0.0010237297055494233
296,4,1-7,adjust,0.06974375336598239,0.0006629561383698971,0.0011012163482463577
296,5,1-7,adjust,-0.031404125236438735,0.000281531997559774,0.0009810508958345361
296,6,1-7,adjust,-0.02133009441891382,4.436747809584432e-05,0.0009300178651122922
296,9,1-8,adjust,-0.04605992451729624,-0.0008726402338642836,0.0005262734125262858
297,2,1-4,adjust,-0.03918381999646204,0.0013031250303113917,0.0005787582629322226
297,3,1-4,adjust,0.04940060852889538,0.0005542588389384249,0.0008337713915103419
297,6,1-5,adjust,0.003585233233938141,-0.00020775872354546042,0.0006638766744228504
297,7,1-5,adjust,-0.004787825148677817,0.0002174068977111465,0.0007825026849532555
297,8,1-5,adjust,-0.002626317954523985,0.0010456239734756858,0.0009587040729809984
297,9,1-5,adjust,0.053036897489567754,0.0009146329879630567,0.00016988179666072327
298,2,1-7,adjust,0.016064375326611275,-0.0009061696286147745,0.0007068995360674971
298,3,1-7,adjust,0.03566108338056694,4.801426155866045e-05,5.6691353909261905e-05
298,4,1-7,adjust,-0.024418996872772426,-0.0007015128857861948,0.00011652395308242453
298,5,1-7,adjust,0.012546291461719036,-0.0007295091238475208,0.00040247093749086796
298,6,1-7,adjust,-0.018834618440662317,0.0005930679502917163,9.368159496468123e-05
298,9,1-8,adjust,-0.041823806021096234,0.00026209334703932113,2.333325260650394e-05
299,2,1-4,adjust,0.003146198388371907,0.00033071511608051253,0.00017533030466974596
299,3,1-4,adjust,-0.052373529256341436,-0.00012826253817472717,0.0001060392820231869
299,6,1-5,adjust,-0.03402644961180702,-9.183566019157092e-05,2.366083510238084e-05
299,7,1-5,adjust,-0.05064307492267281,-0.00024590488308174214,0.00023265272359726706
299,8,1-5,adjust,0.010945602940259931,-0.00031772002335640114,0.00018535800872419335
299,9,1-5,adjust,0.009718680186712974,-0.00019326884791092538,0.0003555374733365049
300,2,1-7,adjust,0.023560635869501818,-0.00021145288946226062,0.0001692789383717338
300,3,1-7,adjust,-0.0040746769300374335,0.0005690901838213401,0.0005491315247327634
300,4,1-7,adjust,0.041190209228017687,0.00019867735877024883,0.0007956340674135958
300,5,1-7,adjust,-0.032422456361139315,0.0009832538247964433,0.0002879506754661596
300,6,1-7,adjust,0.00023375619188761114,4.704747464352422e-05,0.0007184836423742162
300,9,1-8,adjust,0.00977743351152102,-0.0009108155088381542,0.0006288677243451069
301,2,1-4,adjust,-0.044058994723688086,0.0002283951707906285,0.0019505505467908078
301,3,1-4,adjust,0.025325876549181944,-0.0009608594361642428,0.0018845945146574556
301,6,1-5,adjust,0.03519554034318679,-0.00019795555452638654,0.0004096697311713533
301,7,1-4,adjust,0.05088867627456419,0.0011249911433627651,5.489931300016329e-05
301,8,1-5,adjust,0.03193655079582074,0.0004526447358498222,0.00038067203699498946
301,9,1-5,adjust,0.06785386539769424,0.0021066188964333947,0.00136827442758298
302,2,1-7,adjust,-0.025917133587331765,0.0011865824478031245,0.0003698689388968937
302,3,1-7,adjust,-0.06532167485036132,0.0016656515542336227,3.822778204079887e-06
302,4,1-7,adjust,-0.12313845455983236,0.0005153722125011261,0.00035568342001895156
302,5,1-7,adjust,-0.01084027206503273,-0.00044192833305484733,0.0001365907229866901
302,6,1-7,adjust,-0.05211836659443843,-0.0002594727164157622,0.0004423294004437632
302,9,1-8,adjust,-0.054250017903050354,-0.001375974042524906,0.0009365836895794351
303,2,1-4,adjust,0.005354467682111256,0.00015095666367388687,0.00032132997903750366
303,3,1-4,adjust,-0.013056992307964825,-0.0008269268991411914,0.0003356323224774582
303,6,1-5,adjust,0.021272309105805274,0.0010927897333083472,0.00019937582083539448
303,7,1-5,adjust,-0.04841120040124462,-0.0016179744256714361,7.911995269401547e-05
303,8,1-5,adjust,-0.029661284740064537,-0.001594955954586625,0.000692964015503211
303,9,1-5,adjust,0.008626208869091816,0.0008101047785370946,0.00013701328887026252
304,2,1-7,adjust,0.07409093869040415,-0.001508936842894706,0.0011582519438438014
304,3,1-7,adjust,0.1132627761471152,-0.001122093185314636,0.0004579319164829167
304,4,1-7,adjust,0.08063960355156286,-0.0006979897772635339,8.082421749628088e-05
304,5,1-7,adjust,0.1277408482074124,-5.12395955203918e-05,0.0010045305220467303
304,6,1-7,adjust,0.006758254389758944,-0.0013064714763157451,0.001200787676038984
304,9,1-8,adjust,-0.03898838686955379,-0.002093808774647973,0.0002580361357608069
305,2,1-4,adjust,-0.03822138205647684,-0.00010170959412539131,0.00014359729035816305
305,3,1-4,adjust,-0.04790359145152616,0.0009414300214615355,0.0004975405982670604
305,6,1-5,adjust,0.10690213046647479,0.000848289317043403,0.0005018664946032069
305,7,1-5,adjust,0.08729314370156806,0.0008994222005181837,0.000843140466131282
305,8,1-5,adjust,0.12485993286743706,0.0015879345792981405,0.0006736256942040754
305,9,1-5,adjust,0.04533270519270924,0.0016642847248326017,0.00046994740548446346
306,2,1-7,adjust,-0.0011056967569891079,0.0012439270001914006,0.0008659693886236166
306,3,1-7,adjust,-0.011427494608539868,0.0001376908297550419,0.00019452554520145316
306,4,1-7,adjust,0.011869876753889407,0.000604951743408957,0.00042859945814374066
306,5,1-7,adjust,-0.04183935984189985,-0.0007406894703534949,0.00024640135046414576
306,6,1-7,adjust,-0.033190388922233596,0.0002889870538739308,0.0007017502199358776
306,9,1-8,adjust,0.0371187556899755,0.0014389861252716784,0.0013524288614022587
307,2,1-4,adjust,-0.010335809165360105,-0.0009148996834690912,0.0012100184191775041
307,3,1-4,adjust,-0.0025614539580195612,-0.0004726095001134505,0.0006814703634934216
307,6,1-5,adjust,-0.0512247147115808,-0.0007674827697264356,0.00030589669936504016
307,7,1-5,adjust,-0.09525949922698367,-0.0006923962500268657,0.0012084070645439339
307,8,1-5,adjust,-0.06589882980133366,-0.0014813813355634468,0.0008024773926184695
307,9,1-5,adjust,-0.04966271729207891,-0.001563466447432637,0.0008123137251111238
308,2,1-7,adjust,0.05938315031464919,-0.0009495370677248121,0.00048334190569596954
308,3,1-7,adjust,0.06368402717184708,-0.0005155828446245616,0.0007663939566968383
308,4,1-7,adjust,-0.028921745694263767,-0.0004026956108395944,0.0012796594464080963
308,5,1-7,adjust,-0.05737782344019132,0.00018300247282680278,0.0012513901774352395
308,6,1-7,adjust,-0.04809569007208792,-9.069684322457622e-05,0.002661382291384257
308,9,1-8,adjust,-0.02380079230485968,-0.0008964547820648382,4.6495206290738365e-05
309,2,1-4,adjust,-0.056821340570808204,0.0019104344763703981,0.00041474044348618086
309,3,1-4,adjust,-0.061312144706939846,0.0011227718924719306,0.00012554022358772583
309,6,1-5,adjust,0.0269496848396037,-0.00011252807660346769,0.0003688434817214366
309,7,1-5,adjust,0.0583184579529858,-3.7625088745511184e-05,0.0008138721403516472
309,8,1-5,adjust,-0.07060852715920451,0.001265915290439412,9.807550942367535e-05
309,9,1-5,adjust,-0.002308638709992879,-4.5794485805100455e-05,0.0005990953239630307
310,2,1-7,adjust,0.05114527074620167,-0.0023120647421339176,0.00012258470581761195
310,3,1-7,adjust,0.023491084651675303,-0.00041610568541837505,5.578646190726999e-05
310,4,1-7,adjust,0.026251600963782745,0.0003881051592803404,0.0003995280268467594
310,5,1-7,adjust,0.07369366872212292,0.0012750358367202843,0.00022523170973306529
310,6,1-7,adjust,0.05328456987742068,0.0010892228972949245,0.00045615001737812276
310,9,1-8,adjust,-0.001558640361782227,-0.00015013457709865362,0.0001536941115656332
311,2,1-4,adjust,-0.04776704945037143,0.0015828972249729435,0.0005184376076552062
311,3,1-4,adjust,-0.014999276892790916,-0.0002609412251470447,0.00020326115054901408
311,6,1-5,adjust,0.027813871892958142,-1.712215927647614e-05,8.735597215137004e-05
311,7,1-5,adjust,0.12839599805115104,0.0007348731339218477,0.00024345568069412382
311,8,1-5,adjust,0.09098484702687562,-5.9473480208845126e-05,0.00020693308441201727
311,9,1-5,adjust,0.07639123901120981,0.0025504237163624867,0.0007826640907582095
312,2,1-7,adjust,0.007550513861011556,0.00019476238756206563,0.0007141114306987378
312,3,1-7,adjust,0.009952157316441262,0.0008670023373984154,0.00015424884595133714
312,4,1-7,adjust,0.01287922602984308,-0.0003073060081023558,4.3047387096615006e-05
312,5,1-7,adjust,0.11702178193436075,-0.0010253010545774907,0.0004935817263686148
312,6,1-7,adjust,0.08403661382567423,-0.0007650435941023401,0.0006414165649056195
312,9,1-8,adjust,-0.049390682917631164,-0.001371056122642842,0.0008951633177950491
313,2,1-4,adjust,-0.016630356785685443,0.0007890535133250566,0.001010259837335387
313,3,1-4,adjust,0.005356906327845086,-0.0008198257124483916,0.0010750901270445746
313,6,1-5,adjust,0.029183093394508284,-0.0007073012798657139,0.0008358126734205379
313,7,1-5,adjust,-0.0378509825532641,0.0003533053410573127,0.0006862689374695204
313,8,1-5,adjust,-0.01494456694740715,0.0005529420329770004,0.0002221592763622128
313,9,1-5,adjust,0.024666229186105296,-1.2062216567830496e-05,0.0006423950416183888
314,2,1-7,adjust,-0.027323263551273996,0.00021926877658038333,1.709109703462284e-05
314,3,1-7,adjust,-0.012303723512745567,0.0011759394604835738,7.915178845593389e-05
314,4,1-7,adjust,-0.008097453411292739,0.000538941841449757,0.0013781101219846627
314,5,1-7,adjust,-0.05463837628144098,0.0005473860623094522,0.0008173759344274798
314,6,1-7,adjust,-0.1224831202951144,0.00019008006510062438,0.0009365794975179585
314,9,1-8,adjust,-0.003481960826933975,0.0007573829777151985,0.00016237797724898755
315,2,1-4,adjust,0.02907097393715154,-0.0009934416293468423,0.0010100992002345104
315,3,1-4,adjust,-0.0140932901497344,-0.0013104666444453481,0.00025270687891888695
315,6,1-5,adjust,0.08520750258179872,0.0006302655081055398,0.0008310484197660019
315,7,1-5,adjust,0.029578529697194204,0.00014921519000427649,0.0007675789034894168
315,8,1-5,adjust,0.05332473330588775,0.0002577383995826025,0.00014645838537155506
315,9,1-5,adjust,-0.0013861424526490044,-0.0007066088739582421,0.0010276272691931577
316,2,1-7,adjust,-0.008209357009530363,-0.00015715390002978317,0.0006532993125840802
316,3,1-7,adjust,0.013434895889499176,0.001234809795343548,9.524051044426927e-05
316,4,1-7,adjust,-0.0034592006915185416,-0.0005067839930358431,0.0007861620680916945
316,5,1-7,adjust,-0.0735816273072219,0.00012236984649373732,0.0003761763297081781
316,6,1-7,adjust,-0.017741431377571268,0.0005275248105825951,0.0004129969297148906
316,9,1-8,adjust,0.049425540755663924,0.000929090645288281,0.0003610795150226628
317,2,1-4,adjust,0.01985135244668091,-0.00025840085526750785,0.001104193705615385
317,3,1-5,adjust,-0.0031253176997090124,-0.0009371401382653908,1.839609333649281e-05
317,6,1-5,adjust,-0.05292559096878386,-0.0013251043213382654,0.00019669056056324384
317,7,1-5,adjust,0.009145782988196762,-0.0005147527838042063,0.0007070548353635514
317,8,1-5,adjust,-0.04053517046245571,-0.0007686637227555488,0.00021693968429306064
317,9,1-5,adjust,-0.0484296070283988,-0.0007165820513796392,0.0001493592345179683
318,2,1-7,adjust,-0.030255044762410022,0.0002753551348722643,0.0005446090734705224
318,3,1-7,adjust,0.013493034462660277,0.0004387285612371436,0.0005577351216732975
318,4,1-7,adjust,0.0552824908775425,6.107121573834984e-05,0.000532353138753441
318,5,1-7,adjust,0.09854991532301152,1.672912800199324e-05,1.701896262308881e-05
318,6,1-7,adjust,0.05127006416612866,-0.0004436555249366531,0.00027665634362905627
318,9,1-8,adjust,-0.002569216427246043,0.000368578084477608,0.0003699500737357621
319,2,1-4,adjust,0.024832843718625337,-0.00064475631196774,6.6936411005925065e-06
319,3,1-4,adjust,0.029538442391377512,-0.0007235073555793371,0.0002703519912425258
319,6,1-5,adjust,0.025214950082469583,0.0023373382831146546,0.0006557364993263548
319,7,1-5,adjust,-0.03088834026412568,0.0008347028881669924,0.0002824007866873247
319,8,1-5,adjust,0.040644804140688946,7.4594317701853e-05,8.637896208531844e-05
319,9,1-5,adjust,0.01905285840009282,-0.0001405639407394098,0.0006356957478813567
320,2,1-7,adjust,-0.03707677270839334,0.0016063756103375274,0.00030629952669219084
320,3,1-7,adjust,-0.056240548289518744,0.000778729963752876,0.00016811307625895673
320,4,1-7,adjust,-0.17320144210629546,0.0005248877905726739,0.0008697042714670183
320,5,1-7,adjust,-0.18183581436103397,-0.00080082130929899,2.3318391918141152e-05
320,6,1-7,adjust,-0.03396494304544087,-0.0010480126205588069,0.0006193896782375688
320,9,1-8,adjust,-0.0029859527032538107,0.0009244421672475523,1.7796363576071153e-05
321,2,1-4,adjust,-0.004559956632615628,0.00048619762743287443,0.001963107103371047
321,3,1-4,adjust,-0.09013647067036933,0.0013440604853665718,0.0018468902109438085
321,6,1-5,adjust,-0.14817374216889956,-0.0004603171093150785,0.00014170950182399724
321,7,1-5,adjust,-0.09493843497089034,-0.001102322140079901,0.0006391153444478438
321,8,1-5,adjust,-0.11745231770428417,-0.00033695116359640817,0.0009049786582184729
321,9,1-5,adjust,-0.06239422999367397,-0.002689485754365144,0.0009432528177476681
322,2,1-7,adjust,0.04814588799385004,-0.00157416761851222,0.00046394375015381924
322,3,1-7,adjust,0.0840820802204952,-0.002634367827063605,2.8068355476218695e-05
322,4,1-7,adjust,0.22214169136406722,-0.000776070862905228,0.00030029425196396753
322,5,1-7,adjust,0.045133190395425356,0.00013808816093996442,3.655165939202405e-05
322,6,1-7,adjust,0.03821536907283245,-0.00033178144821140225,0.0005663154723060019
322,9,1-8,adjust,0.007306025124200019,0.000827999788477381,7.601193145650016e-05
323,2,1-4,adjust,0.029182924340785968,-0.0009448052006057936,0.0008184550016770544
323,3,1-4,adjust,0.09482346456116719,0.0006280129601416974,0.001705530221639246
323,6,1-5,adjust,-0.013941313875052801,0.0008521868201483693,0.0011896384666728902
323,7,1-5,adjust,-0.013811131165276765,-4.386375769849254e-05,0.0014596656607785898
323,8,1-5,adjust,-0.03037247744240242,-0.00026528106407268067,0.0007038926470098984
323,9,1-5,adjust,0.017466071287191003,0.001256999187758407,0.0009307415360240372
324,2,1-7,adjust,-0.023490413471936127,-8.35213167494793e-05,0.00052131529571831
324,3,1-7,adjust,-0.005433306819925618,0.00013037282834434515,0.0004120438627843751
324,4,1-7,adjust,-0.11040741751707843,0.0012579669886793124,0.0012374168305159096
324,5,1-7,adjust,0.012400427793542357,0.000942469765106885,0.00021853702235373124
324,6,1-7,adjust,0.0027806914146885175,-0.00011748496413453565,0.00040812156995374035
324,9,1-8,adjust,-0.030576935448171885,-0.0018717357541863456,0.0002833040421686842
325,2,1-4,adjust,-0.03866030311073191,0.0020329085098645693,0.000536059899530524
325,3,1-4,adjust,-0.0885510563071763,0.0006181573057400706,0.0004652809176939601
325,6,1-5,adjust,0.06453150540159636,-4.9304011796844725e-05,0.0005802407378334792
325,7,1-5,adjust,0.09715994753417163,0.0002455030425553183,0.0007347290792283739
325,8,1-5,adjust,0.08709066393642434,0.0006724030687131671,0.0009253512507113297
325,9,1-5,adjust,0.047339189710651916,0.0016797048221936742,0.00014420032386331405
326,2,1-7,adjust,0.0343041477584241,-0.0005306312708541652,0.0005189310286914212
326,3,1-7,adjust,0.04851257724756907,9.792074512028149e-05,0.00023285762468802518
326,4,1-7,adjust,0.044118275102520456,-0.0011090855283875315,0.00023443339249565624
326,5,1-7,adjust,0.11407338917186993,-0.0013666632094019792,0.0004601507351315455
326,6,1-7,adjust,0.06913037575615044,0.001740747143723877,0.00029528415054654494
326,9,1-8,adjust,0.011852439499683828,-0.0003001801946279118,0.0003498853146014506
327,2,1-4,adjust,0.008496680359110113,-0.0012194036403208187,0.0009588673011430931
327,3,1-4,adjust,-0.0014512303884489958,-0.0012427023252116324,0.000984976087169471
327,6,1-5,adjust,-0.011920465974352696,-0.002112392539056498,0.0003548405814452393
327,7,1-5,adjust,-0.025772196170488287,0.0002419806723045839,0.00023916038376481778
327,8,1-5,adjust,-0.04573446694925605,-0.00026460062582928486,6.23356913449467e-05
327,9,1-5,adjust,-0.03366300126060891,-0.0013802975563677973,0.0007172991581220762
328,2,1-7,adjust,-0.028840114430086196,0.001310082932468242,0.00013407593157595984
328,3,1-7,adjust,-0.057264824729918146,0.0017437670582778045,0.0011145309767669046
328,4,1-7,adjust,-0.11337584202213508,-9.908487426135724e-05,0.00036580177290622385
328,5,1-7,adjust,-0.1383588265490032,0.00026737544968982984,1.099082719911172e-05
328,6,1-7,adjust,-0.03655142160507457,0.00023891528245949327,0.00069534143422671
328,9,1-8,adjust,-0.0026265745479146993,0.00010499924752324199,0.0010400078322425502
329,2,1-4,adjust,-0.008063235309050077,-0.00022939668138086483,0.0005749000572362955
329,3,1-4,adjust,-0.0031616914322440586,-0.0005672745339973802,0.001342364605880396
329,6,1-5,adjust,-0.1022954070418658,0.0003607013412926524,0.000372560696194937
329,7,1-5,adjust,-0.06976468406453658,0.00016425621575914457,6.961284781372215e-05
329,8,1-5,adjust,-0.022611530863076282,-0.0004481155047596405,0.00010622158913705797
329,9,1-5,adjust,0.011958229779046006,0.0008877395688094043,0.00047955749197256157
330,2,1-7,adjust,0.03304092373552247,0.00015088517139204028,0.000933724626708846
330,3,1-7,adjust,0.025763707755066402,-0.00011837037617638027,0.0008038823178554228
330,4,1-7,adjust,-0.007426554037252069,0.0009925141422582851,0.00080270289573719
330,5,1-7,adjust,-0.024638325176482935,0.0003871434373607345,0.0006600369980145266
330,6,1-7,adjust,0.004321203644801187,-0.0007348359130912765,0.0004990841785715535
330,9,1-8,adjust,-0.02032062746287898,-0.0008142113911790541,0.0004274345907561813
331,2,1-4,adjust,-0.0628646107593219,0.0002711874125871939,0.0006524623297756218
331,3,1-4,adjust,-0.05226115456854539,0.000984026683804251,0.0009267523782318731
331,6,1-5,adjust,-0.003037017625796415,0.00015101277744143765,0.0008863504119171826
331,7,1-5,adjust,-0.036883520011855894,-0.0007505461381443802,0.0004439711353937921
331,8,1-5,adjust,0.021027523694620964,0.000663129901444536,0.0010996203512003808
331,9,1-5,adjust,-0.0071651125775731754,0.0001025813964407965,0.0010961998250219873
332,2,1-7,adjust,0.06100376432846653,-0.0005789639309124675,0.0004345993250710757
332,3,1-7,adjust,0.1088518755080199,-0.0022537272012645494,0.0007163901858579277
332,4,1-7,adjust,0.13994841216697643,-0.00034717146935600465,0.0002804309084970065
332,5,1-7,adjust,-0.004522089429713934,3.0831068190687645e-05,0.00011916924348932177
332,6,1-7,adjust,-0.0018451025062101358,1.2051523040890129e-05,0.00021845799691390955
332,9,1-8,adjust,0.014088560950040237,0.0008231498427449009,0.0009840156939947757
333,2,1-4,adjust,-0.037670200726447924,-0.00022208294693755373,0.0002282845263463822
333,3,1-4,adjust,-0.015921383248889785,0.001124252529106919,0.0005249142974543642
333,6,1-5,adjust,0.02434685923559579,-0.00018495776961513735,0.0019724569797572008
333,7,1-5,adjust,0.053386337662960894,-0.0003216653005755802,0.001201924838734805
333,8,1-5,adjust,0.031768521778859096,-1.6293099864984315e-05,0.0012140224984378337
333,9,1-5,adjust,0.010226192715900409,1.237220514549682e-05,4.294194845924516e-05
334,2,1-7,adjust,0.07937881987269173,-0.0004627122619572519,0.0009681693881284774
334,3,1-7,adjust,0.04159173309301278,-0.0005015851012212907,8.909837895696309e-05
334,4,1-7,adjust,-0.042059200418869104,-0.0003153568905359022,8.533335069452678e-05
334,5,1-7,adjust,0.09209047543809439,0.0003953284542604542,0.00028505897546593815
334,6,1-7,adjust,0.05329696491869612,0.0005380684135584242,0.00025745549504390194
334,9,1-8,adjust,0.002125606187735202,-0.000558450219514823,0.0010934595454964047
335,2,1-4,adjust,-0.049500226395757414,7.268242664299897e-05,0.0002021059880154831
335,3,1-4,adjust,-0.0676036169783936,0.0003244445774040678,5.552568722243934e-05
335,6,1-5,adjust,0.021120933113024053,0.00016675376347237067,0.0002941482485231714
335,7,1-5,adjust,0.047805867213263346,0.001063044769129814,0.0002084457940516017
335,8,1-5,adjust,0.025264664720210685,0.000996895487288281,0.00026132891036203013
335,9,1-5,adjust,0.01661655909378383,0.0006364017484870824,0.0004214119900442391
336,2,1-7,adjust,-0.02916354505550332,0.0011256395431170508,0.0004500809791593626
336,3,1-7,adjust,-0.01001404080796918,0.00020062876891200663,0.0008796703270121279
336,4,1-7,adjust,-0.054204004544583066,-0.00020420992639996115,0.00045953042770666613
336,5,1-7,adjust,0.019871405258711224,-6.947062325558668e-05,0.0010799168640307454
336,6,1-7,adjust,-0.03867094887601966,-0.001324559772641799,0.0012232703371525587
336,9,1-8,adjust,0.009525464825724,0.0005474849406495788,0.0008184168168755481
337,2,1-4,adjust,0.013262702836636478,0.00010473429369585892,0.00047388274548440117
337,3,1-4,adjust,-0.018376560105091727,-0.00044826127985292033,0.0006137004283855232
337,6,1-5,adjust,0.06526599651247594,0.0012618403115372493,0.0008774916353122893
337,7,1-5,adjust,0.0014346421894298118,-3.3073535135894974e-05,0.0004651152372322438
337,8,1-5,adjust,0.00029792194841445313,-0.000857058297248931,0.0005801080643062053
337,9,1-5,adjust,0.003946900054080677,-0.0006074320974097363,0.0005100569656285708
338,2,1-7,adjust,0.017377203247508036,-0.0008924017591580732,2.6772819018525313e-05
338,3,1-7,adjust,0.03591040426913609,0.0008220877628128912,0.00039749050391945685
338,4,1-7,adjust,-0.0012046713857274073,-0.0013531343264554874,0.00037599900732361385
338,5,1-7,adjust,-0.08285201716472443,-0.0005709442170618102,4.86497266324129e-05
338,6,1-7,adjust,-0.05167895995796211,-0.0009906550337559256,1.8921621149968518e-05
338,9,1-8,adjust,-0.019505442371341775,0.0001868999936369449,0.00021015454984540588
339,2,1-4,adjust,0.02451629733584872,-0.0007176508636649391,0.00017393704473131938
339,3,1-4,adjust,0.0035004647015710794,-0.001114169694095535,0.00020477460832721506
339,6,1-5,adjust,-0.06211867051895797,0.000580605179994182,0.00015095433769679028
339,7,1-5,adjust,-0.0839882165386472,-0.0004550254659412965,0.0009034353148095861
339,8,1-5,adjust,-0.014978629029624348,-0.0007435259453901716,0.0007946495034222107
339,9,1-5,adjust,-0.02515886860749833,-0.00010852939161302067,0.00113642497947608
340,2,1-7,adjust,0.008629670541499872,0.0007683249093766899,6.771991220801872e-05
340,3,1-7,adjust,0.08590973688956054,-0.00016211212301539297,0.0002111098366453765
340,4,1-7,adjust,-0.10412779690384567,0.0013117673477324732,0.0014407243513570968
340,5,1-7,adjust,0.016481593699119088,-0.000568767721034345,0.00018117622518519166
340,6,1-7,adjust,0.007731101390093139,-8.449813475206728e-05,0.001181503950975862
340,9,1-8,adjust,-0.005140048899947465,-0.0005143733145473158,0.0003282111924555095
341,2,1-4,adjust,-0.0848302695639371,0.00032444990219464184,0.0018338773488257498
341,3,1-4,adjust,-0.21082507358572902,0.001369615672750594,0.0014798645616296378
341,6,1-5,adjust,0.005954762525878898,0.0003340547631855409,0.0012302479535633971
341,7,1-5,adjust,-0.005959540845428835,-0.0009933193171075378,0.00020771273749670493
341,8,1-5,adjust,-0.04618946038765089,-0.0008828935806081375,0.0007336834120593733
341,9,1-5,adjust,0.0015318545389418547,-0.0006305156960581676,0.0009847643620277122
342,2,1-7,adjust,0.09282881503863329,-0.0010407350104247553,0.0004439084407788435
342,3,1-7,adjust,0.16546102735988055,-0.0011355225603469918,0.0008305573093531936
342,4,1-7,adjust,0.22622413704689892,-0.00042311240864579896,0.0005918103160003652
342,5,1-7,adjust,0.06701745912233364,0.00018562669382620373,0.0012048197529999113
342,6,1-7,adjust,0.023440530852898087,0.0005820872139568451,0.0018941142695255832
342,9,1-8,adjust,-0.02403052822913389,-3.7030498450725576e-05,0.00014198130836887916
343,2,1-4,adjust,-0.01887142484517686,0.000625388015271501,1.2020628938267858e-05
343,3,1-4,adjust,0.056498446727615975,3.204578741141156e-05,0.0011273713600760242
343,6,1-5,adjust,0.038715514046489305,-0.00023129409154848936,0.0002589991751682343
343,7,1-5,adjust,0.046996562554424026,0.001683638536324024,0.00011763515700916616
343,8,1-5,adjust,0.03738157871813255,0.0014570071323838274,0.00025933567499202324
343,9,1-5,adjust,0.04234585068018239,0.000916534001584439,0.00046807511818862033
344,2,1-7,adjust,-0.03358302389915207,0.0002999514307394471,0.00010386399146665043
344,3,1-7,adjust,-0.20444447269651295,0.0010385099048165578,0.0006052615590671245
344,4,1-7,adjust,-0.15840237485199865,0.0009705976319591365,0.0006276400691845753
344,5,1-7,adjust,-0.10107610524192077,0.0010721928939033856,0.0011333093657875711
344,6,1-7,adjust,-0.06792728504842496,-0.0003435799317176698,0.00030786715920295206
344,9,1-8,adjust,-0.0018685772242418028,0.00043574327541658097,0.00012505325848766494
345,2,1-4,adjust,-0.03419662392328178,0.00026937860928416286,1.4572393212886155e-05
345,3,1-5,adjust,0.03967952133169154,-9.755330672072595e-05,3.0684645248333144e-05
345,6,1-5,adjust,-0.0006090294493430187,0.0007618798575133908,6.265906200747664e-05
345,7,1-5,adjust,0.020625528452743246,-0.002002465031570584,0.0014206057008433759
345,8,1-5,adjust,0.03262633428672984,-0.0003273379699508827,1.3403161836147048e-05
345,9,1-5,adjust,0.015868653737079814,-0.00023866263416123288,4.033116704533053e-05
346,2,1-7,adjust,0.0897462190931559,-0.0012929910593683783,0.0003067892121426962
346,3,1-7,adjust,0.1187446485656302,-0.001142888397043135,0.0003677656459582389
346,4,1-7,adjust,0.1448669855607281,-0.0008523384717277586,0.0005499574170721523
346,5,1-7,adjust,0.23760691969117906,0.0002599512620141138,0.00025364948923932814
346,6,1-7,adjust,0.15214149522473955,0.00034107581832543225,0.0008712634755378435
346,9,1-8,adjust,0.0039871431065989105,0.00030197827209103894,0.002044983812670435
347,2,1-4,adjust,-0.010101091899065533,0.00021267221872530576,0.0005022995540848807
347,3,1-4,adjust,-0.026393675078235534,0.000602846966895911,0.0006055842778561686
347,6,1-5,adjust,0.05982825397646953,-1.6600160137411287e-05,0.0018233959709567243
347,7,1-5,adjust,0.13981089758594695,0.0027624013586388368,0.0013103992815514545
347,8,1-5,adjust,0.053132532496585415,0.001795330964906422,0.0008089574976363598
347,9,1-5,adjust,-0.008944956088463994,-6.546129344724243e-05,0.0006722673914897118
348,2,1-7,adjust,-0.12953129208926292,0.0028678247781375164,0.0011844373075737139
348,3,1-7,adjust,-0.12360173723094507,0.0013617799926806129,0.0006399297331033359
348,4,1-7,adjust,-0.1505976485930319,-6.768098070810835e-05,0.0016847062110600334
348,5,1-7,adjust,-0.12877551276839763,-0.001068774541070522,0.0005583054324074616
348,6,1-7,adjust,-0.05935692818641287,-0.000500835865997397,0.0011319634323264532
348,9,1-8,adjust,0.05929198204600378,0.001841413879717686,0.0006881332581306534
349,2,1-4,adjust,0.06999154966297444,-0.002287196427555772,0.0006418162472650508
349,3,1-4,adjust,0.05618511988142903,-0.0004194273622063157,0.0014287642785678518
349,6,1-5,adjust,-0.09163318641789568,-0.00016890912945215542,0.0021238276490322975
349,7,1-5,adjust,-0.16096086156138578,-0.0011232198910392215,0.0006152147912448923
349,8,1-5,adjust,-0.056771992901896766,-0.0016743782740573237,0.0007386018151012407
349,9,1-5,adjust,-0.09449875946229074,-0.0024087488868348573,0.0010179661346039683
350,2,1-7,adjust,0.03461571506116847,0.00037668786088204534,0.00015681612949008228
350,3,1-7,adjust,-0.02534814437261069,-0.00041412023531303606,4.049430447299163e-05
350,4,1-7,adjust,0.027372321428543935,-0.0002996698358949174,0.0004055021157226926
350,5,1-7,adjust,-0.060887190321101306,0.00020295184120158686,0.0004517228901393187
350,6,1-7,adjust,-0.0012415275291816801,0.0008633280535368924,0.0007790883784605959
350,9,1-8,adjust,0.03579786165799953,0.000812215784505255,0.00016033606234835043
351,2,1-4,adjust,-0.017017700005243674,-0.001556305947444765,0.001019974411094023
351,3,1-4,adjust,0.05546762457598072,-0.0006767444862259122,0.00016633714607101197
351,6,1-5,adjust,-0.023782196660437096,-0.0011969165981009805,0.0007720892949199187
351,7,1-5,adjust,0.06369131386643043,-0.00011526930153476211,0.001209317738489331
351,8,1-5,adjust,-0.09961153921804712,0.0009064356094053091,0.0006829676733453712
351,9,1-5,adjust,-0.006370071590473302,-0.0009595244004880067,0.0004378104506187379
352,2,1-7,adjust,0.02361206185699082,0.0014399894048852174,0.00045274670460822877
352,3,1-7,adjust,-0.018195548833837113,-0.00055376371662394,0.0008593402442238496
352,4,1-7,adjust,0.094790671169897,-0.000637856942173153,0.0014118693715241442
352,5,1-7,adjust,0.03102206321010263,0.00012528370740863272,0.0006786298177931107
352,6,1-7,adjust,0.03523691786477275,-0.00043710031424402793,0.0020687434976722737
352,9,1-8,adjust,-0.01974795664914458,-0.0002953961021641373,0.0012221405646561723
353,2,1-4,adjust,0.030919219841442868,-0.0018807807817165657,0.0013684864365722832
353,3,1-4,adjust,0.11033436950825688,0.00017078359597945812,0.0011395661265148544
353,6,1-5,adjust,-0.003652952539043839,0.0002499374631451861,0.0009613736830736584
353,7,1-5,adjust,-0.03706676736897168,-0.0008787770791836712,0.001235209101615784
353,8,1-5,adjust,0.051947567696240385,-0.0016338914062158916,0.0008591717397181694
353,9,1-5,adjust,0.0482470407414339,0.0008158897279755792,0.0010524395574823138
354,2,1-7,adjust,-0.019466628587401048,0.0023921578867090345,0.00041550919306413775
354,3,1-7,adjust,0.04743006030114567,1.0700549751857504e-05,0.000439831579762055
354,4,1-7,adjust,0.017592947852998198,0.0009455581492528392,0.0004995085541022844
354,5,1-7,adjust,0.09533961095707967,0.0001503613900883246,0.00020916072838689223
354,6,1-7,adjust,0.015658781827680195,0.0006070601282957646,0.0014266860490006357
354,9,1-8,adjust,-0.054481507206859556,-0.00016671548415986352,4.875031764487907e-05
355,2,1-4,adjust,0.002189478311724601,-0.0008962488558906157,0.00019482452229857084
355,3,1-4,adjust,-0.09073028583427742,9.34886731082872e-05,0.0003868509036867765
355,6,1-5,adjust,0.08650010516099638,-0.00020008252077878219,0.0007437939841898677
355,7,1-5,adjust,0.06066927855812607,0.0017109723336286742,0.00110355386352101
355,8,1-5,adjust,0.10349366427651198,0.0012460845209835223,0.0009024667862676086
355,9,1-5,adjust,0.04464759504295975,0.00031506140746336437,1.1493657045740273e-05
356,2,1-7,adjust,-0.061905698352684876,0.0004323435878396269,0.0003139682237087545
356,3,1-7,adjust,-0.12948275675298102,0.0015306371832918065,0.0003607653988090594
356,4,1-7,adjust,-0.1182941529723634,0.0007179553072229174,0.0006218071099446731
356,5,1-7,adjust,-0.14295058732555152,-0.0006644869246992561,0.00010219597613320262
356,6,1-7,adjust,-0.08635246333398275,-0.0009092383578091517,0.000471784075689835
356,9,1-8,adjust,0.04062571228615568,0.0012045788546994726,0.0003869449290940587
357,2,1-4,adjust,0.005080720064110581,0.0004708571500283931,0.0012289286974857354
357,3,1-4,adjust,0.04635359546846049,-0.0004494010260860473,0.0009643553670064446
357,6,1-5,adjust,-0.07061189781583524,0.0010200341528511705,0.00029788618153832135
357,7,1-5,adjust,-0.13041980875337428,-0.001331954213886022,0.0012170249934149795
357,8,1-5,adjust,-0.1588662077946388,-0.0008353145893370674,0.0005838440430339593
357,9,1-5,adjust,-0.07032778890943404,-0.0013531169081037713,0.0004746131327085629
358,2,1-7,adjust,0.04655157077622164,-0.000815193292840838,0.00045972959420112594
358,3,1-7,adjust,0.044851754263317396,-0.0010550119073430035,0.0003826855053871237
358,4,1-7,adjust,0.15146432735526977,0.00045654911639985356,0.0004605781218192912
358,5,1-7,adjust,-0.04590574873789275,-0.00019310463981581986,0.00016946011678151953
358,6,1-7,adjust,-0.022090886012782786,-0.0007001642051664073,0.0008861099595171253
358,9,1-8,adjust,-0.04730851331019585,-0.0006129342301163681,1.4988939734865744e-05
359,2,1-4,adjust,-0.028499690621645764,4.904784065389841e-06,0.0007150157417853681
359,3,1-4,adjust,0.044758250922007546,-0.00021438868699630724,0.0008655271934655278
359,6,1-5,adjust,-0.021213554829039274,-0.00029124256211037044,0.0030479314725524605
359,7,1-5,adjust,-0.017069026359857836,-0.00042951284295417955,0.0025678903967282967
359,8,1-5,adjust,0.018998684690673607,-0.000787723683560781,0.0018774100222146099
359,9,1-5,adjust,0.03743657441446792,-0.00021652366621563186,0.0014353217288924419
360,2,1-7,adjust,0.047806562719569644,-0.0004999094612405558,0.0010038839693724505
360,3,1-7,adjust,-0.0016496195156436731,0.00027357340308356435,0.0004310834263157834
360,4,1-7,adjust,-0.040085048825643184,-0.0009894725423497143,0.000729994951662146
360,5,1-7,adjust,0.08174672127145514,0.0005975458826829517,0.0008333457608341429
360,6,1-7,adjust,0.04170217260512634,0.00044810544592479516,0.0008029526849696612
360,9,1-8,adjust,-0.03259469628963644,-7.812243332682391e-05,0.00016162781284432035
361,2,1-4,adjust,-0.027337432081168598,0.0002876598216442207,0.00035426320381772247
361,3,1-4,adjust,0.007525701274053067,0.0005760520958250765,0.0005624939514744373
361,6,1-5,adjust,0.027457182596642607,0.0006995579707514694,0.00034917583698491157
361,7,1-5,adjust,0.08679044380174125,0.00053354946041061,0.0005193307495051386
361,8,1-5,adjust,-0.008749949943012938,0.0016899429142803778,0.0002368923464006829
361,9,1-5,adjust,0.026874150948323905,0.00031688893225889755,0.0002202941322138785
362,2,1-7,adjust,-0.015978146122377773,0.0005906747785406043,0.00013845930321839834
362,3,1-7,adjust,-0.05967897689824311,-0.0003476389889504747,0.00021705784648655435
362,4,1-7,adjust,-0.03657097856096847,0.00042827330822417975,3.805339091661762e-05
362,5,1-7,adjust,-0.013581140900452766,1.9832435107299336e-06,0.00012378692796571517
362,6,1-7,adjust,0.026847768372351526,-0.00010453979642706125,0.00035124931892070683
362,9,1-8,adjust,0.000469807528328807,0.0005594348340069017,0.000252009017320613
363,2,1-4,adjust,0.019693977025106113,-0.000556075252193458,0.0005693039962328959
363,3,1-4,adjust,0.020089533238425984,1.9024971478741466e-05,0.0008270478413961579
363,6,1-5,adjust,-0.020964583379908593,0.0006017957217937361,0.0011400676566759044
363,7,1-5,adjust,0.016294298880906263,-0.00020931751900088327,0.0008383212983552258
363,8,1-5,adjust,0.017916946429319014,-0.0003860045166036788,0.0006231503731636679
363,9,1-5,adjust,0.020157008604786354,4.885176467489546e-05,0.0007914698652066532
364,2,1-7,adjust,-0.017131912411122392,0.00017112025619198495,0.0004972178308181828
364,3,1-7,adjust,0.09019019818016327,-0.0008939934427633838,8.252982234012541e-06
364,4,1-7,adjust,0.05088770572379564,-0.00016949563412721813,0.00012729665480307688
364,5,1-7,adjust,0.058272005555428795,0.00021467855537953624,0.00030035128225046266
364,6,1-7,adjust,0.07332534418114817,-0.0003687755996057654,4.818715403215451e-05
364,9,1-8,adjust,-0.02433928359087773,-0.0006720995148467803,0.00017067726990217555
365,2,1-4,adjust,0.03811699994360839,-0.0006203706503025784,0.0010355560775700797
365,3,1-4,adjust,-0.04512264507200113,0.0006222004461930404,0.00048463223849192947
365,6,1-5,adjust,-0.05852980248212278,-0.00021425260353085098,4.762513734007732e-05
365,7,1-5,adjust,0.01993901540821642,0.0005525902446728941,0.0001647496604624124
365,8,1-5,adjust,0.0722831270377948,2.0493801742267575e-05,7.335946407580235e-05
365,9,1-5,adjust,0.038014908830898864,0.0008680075709652037,6.707990879981343e-05
366,2,1-7,adjust,-0.076845009188646,0.0015060727641664563,0.00031283939573193065
366,3,1-7,adjust,-0.06423875697511393,7.321854712415508e-05,0.0002854442291468712
366,4,1-7,adjust,-0.02390501248794455,-0.00028950874146177805,0.0003559644443015594
366,5,1-7,adjust,0.01048798387518273,-0.00026470059089078534,0.0006141503827749381
366,6,1-7,adjust,0.04198666219100169,-0.0004972818432485533,0.00012921998210055656
366,9,1-8,adjust,0.004565031553901743,-0.0005086701466514573,0.0004303192072225961
367,2,1-4,adjust,0.05358935486533534,-0.0007357401556741725,0.0002836033889754412
367,3,1-4,adjust,0.031684983366370933,-0.00018142613160817078,7.054661237844172e-05
367,6,1-5,adjust,0.014175353124811768,0.0001296455035266857,0.0004775404096789471
367,7,1-5,adjust,0.010993450943202723,-0.00016078489636974842,0.00017475965610747813
367,8,1-5,adjust,-0.0572630981854679,-0.00019746819367315077,4.7429285852161714e-05
367,9,1-5,adjust,-0.008367726782294617,-0.00018131797567017504,0.0008146500519751096
368,2,1-7,adjust,-0.00028380383925303773,0.000713506509075299,0.00029119478442137653
368,3,1-7,adjust,0.006760240590637546,0.0006150727704591887,0.0005809528518650805
368,4,1-7,adjust,0.09119192334301891,0.00011195435408222339,0.00023814993565759464
368,5,1-7,adjust,-0.03176983802774301,-0.00028344717510943204,3.487927016992055e-05
368,6,1-7,adjust,-0.0016236002144560068,-0.0001514086419662374,0.000773782528860535
368,9,1-8,adjust,-0.01791742468061328,0.0006132694078575508,0.0005170284625686996
369,2,1-4,adjust,0.011384003651608523,-0.001853371285008102,0.0006355700290694203
369,3,1-4,adjust,0.07893519048578837,-0.0014793475791346333,0.002530105789359031
369,6,1-5,adjust,-0.03984163144402094,-3.73685313723252e-05,0.0013293310166464212
369,7,1-5,adjust,-0.07875387542607197,-7.104142517276158e-05,0.00028546343444708726
369,8,1-5,adjust,0.013071991883603782,2.396490209209518e-05,0.0003443530894449304
369,9,1-5,adjust,-0.004945803883485959,-0.00012832451044775226,0.0007189987084910929
370,2,1-7,adjust,-0.019100618691497314,0.00015104519090275683,0.0001159789677828489
370,3,1-7,adjust,-0.061391300253147166,0.0017546923083509934,0.0003330954014048376
370,4,1-7,adjust,-0.08895190924129127,-0.0008244398347066358,0.00027021914834238106
370,5,1-7,adjust,-0.0384429402216837,0.0005815229041814502,0.00027558192134597586
370,6,1-7,adjust,-0.07295545218267888,0.00022691773398526022,0.0004616433011665272
370,9,1-8,adjust,0.013468358312455157,-0.0005635891528103522,0.0002876378864849758
371,2,1-4,adjust,0.04141336514793294,-0.0004082400142411268,0.001171038866932946
371,3,1-4,adjust,0.021365585100759362,-0.0017962931980357896,0.0023536927406301567
371,6,1-5,adjust,0.04328717277552907,0.000258329059589238,0.0004968186103637472
371,7,1-5,adjust,0.04462241250900363,0.0006815317498423562,0.0009675609191413582
371,8,1-5,adjust,-0.00017857398144215342,0.001115804556579213,0.0009215163676565824
371,9,1-5,adjust,0.03706617900454007,0.0010224820279800303,0.0010138512658781178
372,2,1-7,adjust,-0.06030053702140371,0.002325385891709583,1.9615271552774256e-05
372,3,1-7,adjust,-0.10227452967533926,0.0015482567444849806,0.001268961184252998
372,4,1-7,adjust,-0.08438594243467296,0.0014786105737699881,5.509410902270358e-05
372,5,1-7,adjust,0.007796801950152032,2.2380316958047556e-05,0.00040204622709345985
372,6,1-7,adjust,0.014311971417328411,-0.0007164140640702951,0.000568117939488211
372,9,1-8,adjust,-0.025244210601578703,-0.0003842358387866625,0.0005163641881878793
373,2,1-4,adjust,-0.01345924922499243,-0.000983808989810411,0.0003989321597075937
373,3,1-4,adjust,-0.01738051030028201,-0.0006629768991753798,0.0011991154741654944
373,6,1-5,adjust,0.0251225250539097,-0.0004957358917397247,0.00016873169520688323
373,7,1-5,adjust,-0.04445502524897692,0.00020185210758078744,0.0002664597543202336
373,8,1-5,adjust,0.07218334809560893,-0.0013536841122115287,0.0006920363123633226
373,9,1-5,adjust,0.012980706241973419,0.0006281923774863188,7.776827371341801e-05
374,2,1-7,adjust,-0.0008986035965237348,0.001579058221715637,0.0007954943333765801
374,3,1-7,adjust,0.017912188904782265,0.0010322270162408476,0.0009552214462131846
374,4,1-7,adjust,0.04895996679771238,-1.185872884014172e-05,0.001083664015703743
374,5,1-7,adjust,-0.06444861871858162,-0.00024704969730411386,0.00036841065497721884
374,6,1-7,adjust,-0.08022116770918702,0.0010721215551309441,0.0013528584290352175
374,9,1-8,adjust,-0.0017139186653518245,-7.881677679941461e-05,0.0003610091166587332
375,2,1-4,adjust,0.012173920105035834,-0.0009336930330479037,7.230971312235436e-05
375,3,1-4,adjust,0.016220245186023587,0.00036792487211028297,8.17861316763875e-05
375,6,1-5,adjust,-0.017159243150321243,-0.0004458633928380144,0.0009578166682399714
375,7,1-5,adjust,0.018673387520668883,-0.0010176021304267896,0.0014363269254274124
375,8,1-5,adjust,-0.12170190425769002,-0.0005890517150975617,0.0009502319345440052
375,9,1-5,adjust,-0.05017090861158914,-0.0007403136879010419,0.0005847580945949379
376,2,1-7,adjust,0.05265116916873201,-0.0014242976406464486,0.00022824162794031185
376,3,1-7,adjust,0.025940415663396443,-0.0007186480307617628,0.0006488201491518584
376,4,1-7,adjust,-0.007055407418383229,-0.0009515697118577042,0.0007532356678557642
376,5,1-7,adjust,0.0894545285575798,-0.00032018596924793035,0.0011378001623619126
376,6,1-7,adjust,0.121346914131251,0.0007585317800084563,0.00021580180421774126
376,9,1-8,adjust,-0.025053917804756746,-0.001298159728961792,0.0015013952133612017
377,2,1-4,adjust,-0.008172685537164158,0.00020205511926176027,3.300388547366042e-05
377,3,1-4,adjust,0.010493480096357309,-0.0005693716604656439,0.0005565132603275014
377,6,1-5,adjust,-0.022733166282624562,-0.0014477554815172627,0.0006695244870585276
377,7,1-5,adjust,0.0017183728732640155,0.00021675488143021337,0.0003024161602454338
377,8,1-5,adjust,0.04381605980022197,0.001111198252647347,0.00028191623696738
377,9,1-5,adjust,0.0266415385902915,0.0002009034462678231,0.00013302793996770664
378,2,1-7,adjust,-0.03897185657593378,0.0009183369876619141,5.590158418760462e-05
378,3,1-7,adjust,-0.029279965312641064,0.0011495272781025872,0.0007654887115701031
378,4,1-7,adjust,0.08043756924624748,0.00016939239951728404,0.0003110831867827024
378,5,1-7,adjust,-0.03558925026845892,0.00021734659770524046,1.6707561702361674e-05
378,6,1-7,adjust,-0.020944760175105284,0.00036651474898298704,0.00034341946092740115
378,9,1-8,adjust,0.026538841168332158,0.0009098636635819098,7.437677496819927e-05
379,2,1-4,adjust,0.04198118530475402,-0.00036649375571362836,0.00020625168288697992
379,3,1-4,adjust,0.08702856201936833,-0.0010849802704485736,0.0016941720163383795
379,6,1-5,adjust,-0.058854883738962936,0.001264267177941657,0.0008110517137437896
379,7,1-5,adjust,-0.008681593551182707,0.0008270973021602518,0.00021701361019467474
379,8,1-5,adjust,-0.010517682708267756,-0.0007852784431869544,0.00048017954095866026
379,9,1-5,adjust,-0.003470531083828362,0.00021675783012760537,0.0006057795065599117
380,2,1-7,adjust,-0.039724927953543515,0.0002502644451423765,0.0012144842844287642
380,3,1-7,adjust,-0.04951562570050859,0.00031476827224076687,0.00040781597866158483
380,4,1-7,adjust,-0.21622885634717154,0.000526360906965009,0.0015214432932318524
380,5,1-7,adjust,-0.07374005524324255,0.0002407652668040687,0.0005874701547298072
380,6,1-7,adjust,-0.009364906628324935,-0.0004355300164785975,0.000642042620712677
380,9,1-8,adjust,-0.020764758993191364,-0.0005314197646270548,0.0007456441156678744
381,2,1-4,adjust,-0.030986281842316804,0.0006691743685035158,0.0007030856057427306
381,3,1-4,adjust,-0.1430143927810994,0.0016121249670985366,0.0017134232820389687
381,6,1-5,adjust,-0.01550957575740291,-0.0006554096779972859,0.0004599217304256502
381,7,1-5,adjust,-0.014554604186422985,-0.001550715612536948,0.0004416273448764336
381,8,1-5,adjust,-0.034404716593506905,0.00022971353034256705,0.00034308686493488797
381,9,1-5,adjust,-0.008923042075596594,-0.0001522930557035092,0.0009804049123729637
382,2,1-7,adjust,0.06456842683854053,-0.0015797484246407507,1.1673218832269224e-05
382,3,1-7,adjust,0.13483465382279214,-0.0024774301832354386,0.000527934444548755
382,4,1-7,adjust,0.12748448801612286,-0.0007148029586526979,9.828665286269927e-05
382,5,1-7,adjust,0.10450370309893849,-7.597789038245449e-05,0.00012182909477202407
382,6,1-7,adjust,0.1067730745755566,0.00024744566305492146,0.00020977249173013184
382,9,1-8,adjust,-0.010740731143712498,-0.0005099913183954184,0.0007542739136630145
383,2,1-4,adjust,-0.01381568409975332,0.0005311329065679346,0.0005394535234448143
383,3,1-4,adjust,-0.03216918426660765,0.0006155836451333633,0.00016407109861241355
383,6,1-5,adjust,-0.008432050229693566,-0.0005063942305814677,2.0820028202715196e-06
383,7,1-5,adjust,0.09106299177448197,0.00011391304166986734,0.0007749820033026073
383,8,1-5,adjust,0.08948044417168324,0.0011022881933416355,0.00042241681521912333
383,9,1-5,adjust,0.060747663693835864,0.0010286689346671466,0.0006480494908200825
384,2,1-7,adjust,0.024888830314697304,-0.00032247537168565813,0.0009761729810550746
384,3,1-7,adjust,0.07126536775606193,-0.0007770884534405218,0.0014757747275211646
384,4,1-7,adjust,0.04723567991150456,-5.805323052661717e-05,0.0011315135428836287
384,5,1-7,adjust,0.13595385490383144,-0.00025606767571752383,0.0010548859127967737
384,6,1-7,adjust,0.0677546008010837,0.00044477133282273986,0.00032198391203382435
384,9,1-8,adjust,0.018658683373918374,0.00034365509104901967,0.0006997883921773747
385,2,1-4,adjust,-0.014978244962112336,-0.00020418898325378607,0.0006113202077966147
385,3,1-4,adjust,0.0011349083668365095,0.0010091587476735138,0.0011933587285405797
385,6,1-5,adjust,0.03896185739770026,0.0014661719724922374,0.0020351649080228205
385,7,1-5,adjust,-0.009154747451352491,0.001322632681902272,0.0005596982782658398
385,8,1-5,adjust,0.025690400217825742,-0.0005616898171364207,0.0005585682092903035
385,9,1-5,adjust,-0.027326645932175937,-0.000380138713103607,0.0006164230695058186
386,2,1-7,adjust,-0.054455219898852,0.0014770572225172656,0.00033157404060856404
386,3,1-7,adjust,-0.08332574149759452,0.0013154960824185184,0.00011750067855195355
386,4,1-7,adjust,-0.07842253511396524,0.0014171718830708355,0.00044889872098927353
386,5,1-7,adjust,-0.13198390073764477,0.0005735352227222968,0.00044389758107010377
386,6,1-7,adjust,-0.08151176640910751,-0.001454075340661444,0.0006128956766132578
386,9,1-8,adjust,0.014702469224689624,0.0009879689949086287,0.0004477505671122346
387,2,1-4,adjust,-0.00024265055178410248,0.0006827057518833305,0.0012967709465808782
387,3,1-4,adjust,-0.01671521433378788,-0.0005146393135065805,0.0009787086079069843
387,6,1-5,adjust,-0.010567140427760503,0.0003888498991177484,8.715527434119775e-05
387,7,1-5,adjust,-0.03815915809853393,-0.0005185519124868114,0.0005316415923755692
387,8,1-5,adjust,-0.013456405096648045,9.406687832722645e-05,0.0008598049743106024
387,9,1-5,adjust,-0.0028020237478669097,-0.0002957014370803215,0.0003276663108050328
388,2,1-7,adjust,0.019894748236485547,-0.0011043241688781765,0.0005406248318245919
388,3,1-7,adjust,0.015647564529027214,-0.00011968584324969311,0.00019596284738533821
388,4,1-7,adjust,0.02403682637678876,-0.0008802571410304492,0.00016251591005113348
388,5,1-7,adjust,0.03221113695733992,0.00023213084960190154,0.0004743863913267849
388,6,1-7,adjust,-0.013746011946039914,4.190554310924422e-05,0.0001667649097009161
388,9,1-8,adjust,-0.005128801441990661,-0.0006655878956542173,0.0001785252409040001
389,2,1-4,adjust,0.03320060181677949,-0.0006552470041384723,0.0007200014403463439
389,3,1-4,adjust,0.02364512422958839,0.0008871481968835374,0.0002543072558209213
389,6,1-5,adjust,0.04197008431050769,0.00030314269128198685,0.0013730963806104328
389,7,1-5,adjust,0.02774209945825766,-0.00037081346369333633,0.0002952263132875566
389,8,1-5,adjust,0.029918230307115854,0.0006327906828340956,0.00028781888261648745
389,9,1-5,adjust,-0.006394178936053863,0.0006167948650503555,0.00045729304285541545
390,2,1-7,adjust,-0.004930279908277209,-0.00012162719097809614,0.001167670353817966
390,3,1-7,adjust,-0.0019777060214114387,-0.0014493753485690175,0.001192361463907639
390,4,1-7,adjust,0.038367860015147894,-0.00024918028309207853,0.00021638263157032164
390,5,1-7,adjust,0.0683611197211612,-0.0004155273350814518,0.000332943416848244
390,6,1-7,adjust,0.011942361315332023,-0.00022454330502211974,0.00044183638413289577
390,9,1-8,adjust,0.03635500066300199,-1.4046128099238256e-06,0.000673568628530051
391,2,1-4,adjust,-0.00388473859844057,0.00011509877473225681,9.904266788574656e-05
391,3,1-4,adjust,0.002215222753976275,-0.00020290460314558074,0.0011268651472714874
391,6,1-5,adjust,0.04903744801372241,-0.00048103837871318325,0.0010197099034527494
391,7,1-5,adjust,0.05979319279745738,0.001092787952446021,0.0006511877364879965
391,8,1-5,adjust,-0.00635503892578417,-0.00030897663360313337,0.0006450644140020773
391,9,1-5,adjust,-0.04759735188273063,-0.0002742028112854397,7.86998605879074e-05
392,2,1-7,adjust,-0.04760880882108854,0.00161573480756566,0.0003514442906961396
392,3,1-7,adjust,-0.02807531524058783,0.0011980536347465794,6.196957782833953e-05
392,4,1-7,adjust,-0.08338740115239429,0.00046352253765136013,0.00014666741551033774
392,5,1-7,adjust,-0.07390191754832204,-7.342400196353453e-05,0.0006534213735513134
392,6,1-7,adjust,-0.06990503117669782,0.0003163915145862857,0.0006040933840104054
392,9,1-8,adjust,0.046003974822447016,0.00034299556258405564,0.00047774972010250526
393,2,1-4,adjust,0.004899033707890943,-0.000865589483458537,0.0010870802618272173
393,3,1-4,adjust,-0.012668291589028307,-0.0007432063967162981,0.001230105404686999
393,6,1-5,adjust,-0.007380338116039084,0.0001293706355382849,0.0009454235700288401
393,7,1-5,adjust,-0.09109777935487333,-8.217501059761802e-05,0.0007294617302158031
393,8,1-5,adjust,-0.0395686021523309,-2.9567194848295163e-05,8.07464439944576e-05
393,9,1-5,adjust,-0.067749513577685,-0.0014476430599496169,0.000982601032673502
394,2,1-7,adjust,0.0010586690519601505,-3.5531801644788385e-06,0.0002361552784179055
394,3,1-7,adjust,-0.11130125218383603,0.0009584008858768739,0.0005169214287765091
394,4,1-7,adjust,0.015504674122388935,0.00047783493367969503,8.755621937103474e-05
394,5,1-7,adjust,-0.17074084448901866,-0.0006003984869971731,0.00027671472986296396
394,6,1-7,adjust,-0.05463744296303212,0.00011050283850871639,1.246644150938138e-06
394,9,1-8,adjust,0.04792076038725855,0.0014901453003373026,1.4975846611722259e-05
395,2,1-4,adjust,-0.006125668841431731,0.0007215033249277892,0.0014845682953821481
395,3,1-4,adjust,0.11620204894989226,-0.0006615128422179327,0.00038484028988164745
395,6,1-5,adjust,-0.15584507203483008,-0.000562195141076278,0.0015567488870660026
395,7,1-5,adjust,-0.17707282834151902,-0.001254966351556516,0.0015910994096271862
395,8,1-5,adjust,-0.04552434198958649,-0.0007027156968699194,0.0012369482828096503
395,9,1-5,adjust,-0.04292899297318086,-0.0008758113579418027,0.000780050785629717
396,2,1-7,adjust,0.08229920277711551,-0.002612562389157838,6.363942277977863e-05
396,3,1-7,adjust,0.11016540844588778,-0.00024595166031422794,5.467234823588645e-05
396,4,1-7,adjust,0.035803458120667125,0.0003962765429558056,0.0006744551268366089
396,5,1-7,adjust,0.008653111252361637,0.0002843225682018173,0.0004481188285118042
396,6,1-7,adjust,0.027219433410801155,-0.0002859133327352294,0.0011229328314720365
396,9,1-8,adjust,-0.005124069193704749,0.00023489937789441541,0.0016678077883167841
397,2,1-4,adjust,-0.08081883485239895,0.0018264279255405446,3.965124389548072e-05
397,3,1-4,adjust,-0.14324685135506005,-0.0004163414927785088,0.00019489381620365744
397,6,1-5,adjust,0.023656948655868187,0.000263463067085794,0.002098682999620345
397,7,1-5,adjust,0.08117515873696216,2.867641412594604e-05,0.0024115755630022594
397,8,1-5,adjust,-0.07612793911945633,-0.0005051615377594801,0.001438990638633191
397,9,1-5,adjust,-0.02387329026172281,-0.0009014228831900784,0.002016211516280043
398,2,1-7,adjust,0.019980747511394614,-0.0012699026906785125,0.0014266023451839007
398,3,1-7,adjust,0.08467701336143163,0.0002543885846632439,0.0007664696071310517
398,4,1-7,adjust,-0.021939589741465045,-0.0006086212505785654,0.0008792281319935821
398,5,1-7,adjust,0.06097066559149615,0.0005660984258029545,0.00023179695721967683
398,6,1-7,adjust,0.0029103783961140343,-0.00015050505589136768,0.0003626747787070779
398,9,1-8,adjust,-0.0031468513771128193,-0.0009131482505062323,0.0008591775918369092
399,2,1-4,adjust,0.008685137267390277,0.00201369096412728,0.00015859646306973774
399,3,1-4,adjust,-0.05597542888828956,0.0007090546398053776,0.0003266915786744581
399,6,1-5,adjust,0.051378373305813324,0.00015390954807121084,0.00030759854736171316
399,7,1-4,adjust,0.09014732216074273,0.0008642249427948901,2.773392283664458e-05
399,8,1-5,adjust,0.057898068516829757,0.001057392165636766,0.0008997912021275068
399,9,1-5,adjust,0.031179615022158762,0.0016708628165737849,0.0006306193288449051
400,2,1-7,adjust,-0.011348077696455187,-0.0003649070526793642,0.0004361947635400754
400,3,1-7,adjust,-0.0037627840381388882,-5.268504110896295e-05,0.0005057052710016799
400,4,1-7,adjust,-0.02255066350200924,-0.0004547153823497071,0.0002748938328564737
400,5,1-7,adjust,0.03713652765472918,-0.00018569835251164797,4.57901436361522e-05
400,6,1-7,adjust,0.07410244839312546,-5.461497883592042e-05,0.0008231520107067822
400,9,1-8,adjust,-0.008638345039186368,6.0861560245287817e-05,0.0004992169214452367
401,2,1-4,adjust,0.00670475307213411,8.396736743899324e-05,0.0002389798810181624
401,3,1-4,adjust,-0.018910532855862333,-0.0002581306883400915,0.000410164641642131
401,6,1-5,adjust,-0.037538276094334466,0.0015437514626437207,0.0006769733998851864
401,7,1-5,adjust,0.018365596461358612,0.00022089900951898734,0.0008638577464809116
401,8,1-5,adjust,0.05197034939828744,-0.0002829401894120885,0.00013857646390504202
401,9,1-5,adjust,0.00586382718921822,-0.0006226590367877553,0.00032443218600433535
402,2,1-7,adjust,0.017850348618112882,-0.0010006125630161629,0.0010587396012536508
402,3,1-7,adjust,0.045324848908897916,0.00032907825199895497,0.0005460359352264327
402,4,1-7,adjust,0.09986750575576911,0.00035535616642833214,0.0002050132427299049
402,5,1-7,adjust,0.016009450261154152,-0.0003845532468995638,0.00034137978562349285
402,6,1-7,adjust,0.041292127755455973,-0.0010523319522002417,8.418635957621677e-05
402,9,1-8,adjust,0.042530667516654526,-1.0109860717687598e-05,0.00021770310057272246
403,2,1-4,adjust,0.00627378812140316,-0.0002338192948453783,0.00031563258816056316
403,3,1-4,adjust,0.02841793252549142,-0.00041701178940475994,6.152666470772619e-05
403,6,1-5,adjust,-0.02752891147101739,-0.00038174994166245983,0.0007483913740466392
403,7,1-5,adjust,-0.05069758688519417,-0.0007473329132928622,0.0006319553252943761
403,8,1-5,adjust,-0.036052292552975776,0.00015608157945862445,0.00044586872939567264
403,9,1-5,adjust,-0.028485134729752025,0.0006379455442770525,4.767739543736376e-05
404,2,1-7,adjust,0.009712251271495555,-0.00042569779822189706,0.00023596759405775726
404,3,1-7,adjust,0.03932099406763564,-0.0004795651120883409,0.00035936612855651533
404,4,1-7,adjust,-0.028932496228265454,2.0543583142671778e-05,0.0001095936568240459
404,5,1-7,adjust,-0.037976989472473015,0.00031261634164315473,0.00014839623372315096
404,6,1-7,adjust,-0.0032593316145240916,0.00019663093162339704,0.00033815385757061397
404,9,1-8,adjust,0.0023421379657947118,-0.0005323854354852664,6.274623890718234e-05
405,2,1-4,adjust,-0.03362546824306479,0.001973321736877756,0.0006311737360320339
405,3,1-4,adjust,-0.058121244530736554,-0.0006890921277458934,0.0008533205084684568
405,6,1-5,adjust,-0.02248676354079491,-0.0008363455621440792,0.0014547155654070685
405,7,1-5,adjust,0.03395800271827758,-0.0008158206228024329,0.0012185985971770346
405,8,1-5,adjust,0.02140273551286073,1.732828822614822e-05,0.0004545497936792307
405,9,1-5,adjust,0.012705295505428243,0.0011396374399006543,0.00021110322452431803
406,2,1-7,adjust,0.04050668907445149,-0.0028045675176160472,0.0006582938890300547
406,3,1-7,adjust,0.06678094009410794,0.00033707569901180845,0.0004390192973921728
406,4,1-7,adjust,0.10633568569291882,-0.0007905000425404257,0.0013341445684602214
406,5,1-7,adjust,0.1294586802301336,-0.00012296005267028114,0.0005488313515003259
406,6,1-7,adjust,0.05862248638139743,0.0014152825415444132,0.00015725372143611944
406,9,1-8,adjust,-0.00414120430102583,-0.00042410773530069876,0.0007857810038325231
407,2,1-4,adjust,0.022595723824511346,0.0005428984858427328,0.00021729316956478888
407,3,1-4,adjust,0.022690540324610105,-0.0005052067712033801,0.0011362336867567504
407,6,1-5,adjust,0.07306960315621133,-0.000777918114505113,0.0002405611819549416
407,7,1-5,adjust,0.11510484070769075,0.0005473122241915538,0.00021805638164286366
407,8,1-5,adjust,0.019224270590921477,0.00026494246706970393,0.00014179001427608954
407,9,1-5,adjust,0.008640427271790877,0.0005212899315470241,6.112550893712334e-05
408,2,1-7,adjust,-0.10350039005018064,0.0010219703351837634,0.0005445814627943045
408,3,1-7,adjust,-0.07929810258432948,0.00032348761880755616,0.0006872190801482909
408,4,1-7,adjust,-0.06580900537259424,-0.0009354557883865497,0.0006645667804316654
408,5,1-7,adjust,0.08475209357820346,-0.0003941671971561003,0.0007793064613315064
408,6,1-7,adjust,0.03876596393029932,-0.0002630594739225122,0.0027539399590844733
408,9,1-8,adjust,-0.0028086053103095732,5.4615061162617985e-05,0.0006456663825235883
409,2,1-4,adjust,0.10450123772136734,-0.0012993789734494902,0.00012807151354576922
409,3,1-4,adjust,0.074299297841069,0.00021558850841988265,0.0006608112417041738
409,6,1-5,adjust,0.012955959210377259,-5.436376744434252e-05,0.0019852254207036657
409,7,1-5,adjust,-0.06349731609321493,0.001450752510811843,0.0018841887379322496
409,8,1-5,adjust,0.03380399708649189,-7.614925741721396e-05,0.0014692106736677142
409,9,1-5,adjust,-0.015784788594075717,-0.0003685887812605186,0.0013060160065216902
410,2,1-7,adjust,-0.11080171197360672,0.00256178204724682,0.0007653908491673504
410,3,1-7,adjust,-0.15430099608356704,0.0011776507623838944,0.0006291990187222524
410,4,1-7,adjust,-0.1518956629292213,0.002296053222693204,0.0005456554856744135
410,5,1-7,adjust,-0.22044544355388707,0.0004320919121482879,0.0004685523622089821
410,6,1-7,adjust,-0.11616137386228235,0.0004380204163237381,0.00043862516523145254
410,9,1-8,adjust,0.028897288764093768,0.00019935426141773056,0.000493851827147106
411,2,1-4,adjust,0.016360084375184127,0.0009836193677685956,0.001643916018902851
411,3,1-4,adjust,-0.01563315642167029,0.0006460182427697291,0.002441793875983972
411,6,1-5,adjust,-0.05757334721552983,3.714931982567319e-05,0.0005278597848958588
411,7,1-5,adjust,-0.061864763210910716,-0.00038747183978010496,0.0003910611273307672
411,8,1-5,adjust,-0.08699515608761933,-0.0010647812253101103,0.0013396402876757723
411,9,1-5,adjust,-0.01789841283165042,-0.00034302891918892126,0.0006059039702377095
412,2,1-7,adjust,0.03031079123561718,-0.002103478222883653,0.0009903678060844488
412,3,1-7,adjust,0.07147902575667962,-0.001785787741069788,0.0003339784500904925
412,4,1-7,adjust,0.04483496338002545,-0.000899691203094409,0.0010184709076058978
412,5,1-7,adjust,0.010310312298045342,0.00021924807793733775,0.0011058664449295433
412,6,1-7,adjust,0.011071719838102387,-0.000169280576090445,0.001009289419713005
412,9,1-8,adjust,-0.03738113439427374,-0.0005595637170408644,0.0013403667457238659
413,2,1-4,adjust,-0.04106124118496492,0.00014576131305601685,4.354845101308736e-05
413,3,1-4,adjust,0.006448383267604377,0.0014259501620433048,0.0005319798057301272
413,6,1-5,adjust,0.002297536472532674,-0.00087913764456372,0.00040764955690754406
413,7,1-5,adjust,0.01060546077614934,-0.001199268821957521,0.00023286656777081745
413,8,1-5,adjust,0.019194597036429766,0.0005021345796291768,0.0007499844149557141
413,9,1-5,adjust,0.032914084696866394,0.0003628723003361551,4.558395260934855e-05
414,2,1-7,adjust,0.08367837905695895,-8.87173764983931e-05,1.702569360053193e-05
414,3,1-7,adjust,0.06578888717021561,-0.0014318884325872259,0.00045366590033683093
414,4,1-7,adjust,0.036654001350062464,-0.0004011386796071531,0.0001750264396395583
414,5,1-7,adjust,0.06064190855590309,-0.0005732449485464529,0.0002661923154903357
414,6,1-7,adjust,0.06682118107666207,0.0010156334434462198,0.00015845115921828536
414,9,1-8,adjust,0.009387841597037382,-0.0004902231289109803,0.0005933789524044534
415,2,1-4,adjust,-0.024745874541893333,-0.0009996984167345987,0.0005973211100009672
415,3,1-4,adjust,-0.07156636237396843,0.00040682489061601856,0.0007621121373149858
415,6,1-5,adjust,-0.037778580929913735,-0.0006482091583240192,0.0006429840237927208
415,7,1-5,adjust,-0.02936619393953444,0.0005090732145776215,0.000528897436900356
415,8,1-5,adjust,-0.0220896220267117,8.825401893145705e-05,0.00022431494269829164
415,9,1-5,adjust,-0.013122373408788912,0.0001582058190524544,0.00022675155130071287
416,2,1-7,adjust,-0.004583724757399336,-0.0001840733362022836,0.00022643178920172708
416,3,1-7,adjust,0.057961138154743845,-0.00025016632349415943,0.00033333542646238134
416,4,1-7,adjust,-0.01967442145971328,0.0005961622943549599,0.0007050550277654205
416,5,1-7,adjust,-0.06382011388326997,0.0002802006414093064,0.00027422950637916497
416,6,1-7,adjust,-0.03437661737721016,-0.0006414641304898788,0.000525546866939338
416,9,1-8,adjust,-0.014456114194630283,-0.0008773738290728955,0.0008222477622012739
417,2,1-4,adjust,-0.018555478590912153,0.0017990261973510457,0.0004574648639222591
417,3,1-4,adjust,-0.09016944763098421,0.00014732509328026672,9.25811104942901e-05
417,6,1-5,adjust,0.0057088588594047035,0.001083279036839027,0.0008767154797177602
417,7,1-5,adjust,0.010137775207921735,-0.00047198795060472107,0.00025017535788367365
417,8,1-5,adjust,-0.008049557840375594,-0.00028555227028574046,0.000653663963396572
417,9,1-5,adjust,0.00937075473760121,0.00037615017883189445,0.0006642089763046787
418,2,1-7,adjust,0.039278728940812704,-0.00039022166025658086,0.0003248094763887736
418,3,1-7,adjust,0.09016578255918896,-0.0010314125139248697,0.0003962892335335627
418,4,1-7,adjust,0.010395544453254656,-0.0009903241171715944,0.00037110787226066254
418,5,1-7,adjust,0.0684608711424535,-0.00021891163367203606,0.00010990092994112965
418,6,1-7,adjust,0.006716779195282844,0.00018882220135902017,0.0009653019137434854
418,9,1-8,adjust,-0.026729603462344213,0.000403327671777071,0.0005901839496776108
419,2,1-4,adjust,-0.02021722006951224,-0.0007824248073034368,0.0007213715808927023
419,3,1-4,adjust,-0.03754623982354905,0.0008143015087337492,0.0006143714447048663
419,6,1-5,adjust,-0.004713166408430444,0.00025457538262911464,0.0014620421874150524
419,7,1-5,adjust,0.0038579353140294676,0.0009574408185426685,0.0007087468054256287
419,8,1-5,adjust,0.033043715242307335,9.586679628977084e-05,0.00017936260643433766
419,9,1-5,adjust,-0.0009216971068959572,0.00013535213026446148,0.00034529110816000223
420,2,1-7,adjust,-0.00019970027961404655,0.00037441014486569864,0.0004653158809085807
420,3,1-7,adjust,0.041009595709993775,0.0005401121116886606,0.0006978073135680283
420,4,1-7,adjust,-0.01030428696215199,0.0007510268961860589,0.00048143585094374873
420,5,1-7,adjust,-0.021974309347343117,0.00041616346153550664,0.0006045672904973882
420,6,1-7,adjust,-0.014198169978001243,-0.0006616445202774559,0.0002491793572709623
420,9,1-8,adjust,0.028397890268809983,-0.00034970813528956764,0.0005591396510859929
421,2,1-4,adjust,-0.02062760396272693,0.0006722764310703253,0.00048496224605194664
421,3,1-4,adjust,-0.07561343970821517,-0.0004623550163147069,0.00030290071812917233
421,6,1-5,adjust,0.037299602696982105,0.0006975227361674862,0.0003920799569717385
421,7,1-4,adjust,0.01106611207415721,-0.000372238911499697,9.773949046095149e-06
421,8,1-5,adjust,0.019322224035027372,3.465261014178953e-05,0.0002681141388758756
421,9,1-5,adjust,0.0527667518210555,0.0010782690417789804,0.00044789676482757273
422,2,1-7,adjust,0.04116049776260754,-0.0016242631631682707,7.573079351715065e-05
422,3,1-7,adjust,0.06423118541880497,0.00018590487344400663,0.0007305102159266103
422,4,1-7,adjust,-0.01565681610604105,-0.0005580604753391606,0.00032970210611197063
422,5,1-7,adjust,0.04682268201907785,0.0011050229693522833,0.0006222458104668407
422,6,1-7,adjust,0.012790012645007313,-7.777726063540278e-06,0.00029022640555845583
422,9,1-8,adjust,-0.03671324567844154,3.867413466992054e-05,0.00025439768196173525
423,2,1-4,adjust,-0.040938260345682126,0.000792964819701723,0.0007495622504742893
423,3,1-4,adjust,-0.051219385852634275,0.00028956692659858546,0.00042965817114173915
423,6,1-5,adjust,0.05976101310472015,0.00019215646281740554,0.002791054345965643
423,7,1-5,adjust,0.12819218024133225,0.0011481317700444708,0.0018452001012653468
423,8,1-5,adjust,0.08065137680386665,0.0009307305968218791,0.0013439298201339523
423,9,1-5,adjust,0.029905655367191163,0.0003430861009099738,0.0008658100372186529
424,2,1-7,adjust,-0.023829506949661503,0.002283145188852609,0.0008107178212639854
424,3,1-7,adjust,-0.07091543874887266,-9.472687800229076e-05,5.092059068668459e-05
424,4,1-7,adjust,0.016721006230030595,0.0008201506798168881,0.0004011508563873785
424,5,1-7,adjust,-0.0601413162653358,-0.0009150675843427891,2.751988160547382e-05
424,6,1-7,adjust,-0.0015124248045413164,-0.0009442354862744801,0.0005877796335599115
424,9,1-8,adjust,0.026785517355925242,0.00013179915094722354,0.000534051733929699
425,2,1-4,adjust,0.03213638320282733,-0.0012708531760754643,0.0002469243359161225
425,3,1-4,adjust,0.062004736203153145,0.00010856753438081204,0.00032036164551528686
425,6,1-5,adjust,-0.05745951015206072,0.00048781264966147686,0.0002582686825667268
425,7,1-5,adjust,-0.10832686654784564,-0.0008845571136906715,0.0003643104373792957
425,8,1-5,adjust,-0.0856886045986,0.00035305186193690635,9.813596955928343e-05
425,9,1-5,adjust,-0.04513635569778352,-0.0002905343438547144,7.501632382858399e-05
426,2,1-7,adjust,-0.033932717112134456,-0.0006470573057850119,0.0007157238028224715
426,3,1-7,adjust,-0.028489541797230726,0.0006452507931717231,0.0001844610220931631
426,4,1-7,adjust,-0.0528485032630438,-4.6957496298904105e-05,0.0003880513877805195
426,5,1-7,adjust,-0.015191783398051622,0.0002262435444074031,0.00043617783455445494
426,6,1-7,adjust,-0.01599584161835342,0.0005769985714142661,0.0010880671948414564
426,9,1-8,adjust,0.002541406656211662,-0.0003504245673945851,0.00021283836381597637
427,2,1-4,adjust,-0.007540999270416592,0.0005602586335894013,0.000994063401328877
427,3,1-4,adjust,-0.02593255649652032,-0.00020506834479492184,0.000686318970124109
427,6,1-5,adjust,0.0006651350185075803,-0.0008503466686549464,0.0008917080669606835
427,7,1-5,adjust,-0.017185228178262492,-0.0006460424355801216,0.0002520194895152903
427,8,1-5,adjust,0.008845770799170422,-0.0015111178262749733,0.00042113164791711627
427,9,1-5,adjust,0.006796127605328399,-0.0003387164386700333,0.00010625472423050544
428,2,1-7,adjust,0.04327583025032375,0.0005151177497349111,0.0006486466572089072
428,3,1-7,adjust,0.15318648698315854,-0.001499716080152042,0.0008474636371809632
428,4,1-7,adjust,0.17284523982496766,-0.00018639850658924289,0.00014750011926525978
428,5,1-7,adjust,0.07177292529436104,1.3527614015984802e-05,0.0005799608476409989
428,6,1-7,adjust,0.020346089831638648,0.0005423143429283436,0.0007562165964708411
428,9,1-8,adjust,-0.03218050006333911,0.0003492497720083605,0.00012971689946762415
429,2,1-4,adjust,0.03783553763966061,-0.0013721913608561688,0.0009709114885149112
429,3,1-4,adjust,-0.003049207954995172,9.893106562723636e-05,0.0011377216604594508
429,6,1-5,adjust,0.03463329814592907,-0.0002015978873838704,0.0005474987618736434
429,7,1-5,adjust,0.09889549852126293,0.000904007563164937,0.0002391017292868135
429,8,1-5,adjust,0.015302347602566258,0.000987950241334157,0.00014715626475845175
429,9,1-5,adjust,0.025367261813551638,-0.00014347637237962203,0.000166043845289424
430,2,1-7,adjust,-0.06647854981793457,0.0006128552581310255,0.000258745076633591
430,3,1-7,adjust,-0.06070895030548201,0.0005377267302627696,0.0008182742818264054
430,4,1-7,adjust,-0.060638164826062935,0.00012158040023302445,0.0006102984418158025
430,5,1-7,adjust,0.049469056692521766,-0.00016943515556786394,0.0006329370810129757
430,6,1-7,adjust,0.022338221139222143,0.0009057445039018465,0.0009984953128314128
430,9,1-8,adjust,0.014978034591007956,6.271020208206834e-05,0.0010410671149630015
431,2,1-4,adjust,0.047969049445287924,-0.0003635899745138247,0.0002844878281198078
431,3,1-4,adjust,0.02709287720345151,-0.0005728159266085268,0.0005634863274503926
431,6,1-5,adjust,0.02057142159279797,-0.0008043944494951097,0.00046660186656734064
431,7,1-5,adjust,0.0016414198513493787,0.0003543998130068407,0.00030063477413987583
431,8,1-5,adjust,0.0344241256113648,0.0009254662232713163,0.0007913229850810214
431,9,1-5,adjust,-0.024644804980114083,3.107407504383154e-05,4.329390126230064e-05
432,2,1-7,adjust,-0.08646101937606686,0.0017114851616868321,0.00011647218861775216
432,3,1-7,adjust,-0.11245005114632814,0.0013475054782409231,0.0013914325374968417
432,4,1-7,adjust,-0.06518795736220712,-1.812491771054979e-05,0.0011030870995070892
432,5,1-7,adjust,-0.0804617555791132,0.0001578742406240077,0.0008653681925146326
432,6,1-7,adjust,-0.02110966676913616,0.000770850057104452,0.001482087600699629
432,9,1-8,adjust,0.029312859625444124,0.0012137793053935248,0.00019865459903057635
433,2,1-4,adjust,0.05354700199259587,-0.000546300680793488,0.0006904682130523598
433,3,1-4,adjust,0.0516894410416538,-0.0004525882890413729,0.0001553921740499791
433,6,1-5,adjust,-0.052648489087476845,-0.0014021070388657915,0.00010596690464961205
433,7,1-5,adjust,-0.047041027754957325,-0.0014174981580229874,0.00021446072181718814
433,8,1-5,adjust,-0.050276177978718174,-0.0008664886717126846,0.0004602272965142389
433,9,1-5,adjust,-0.030287467941939383,-0.0011288375533622782,0.0004112905823743545
434,2,1-7,adjust,0.017055429120265905,-0.00037315047062785086,0.00011842603448261183
434,3,1-7,adjust,0.05252801261332243,0.00013718283077047763,0.0003302882709559624
434,4,1-7,adjust,0.1329649685196387,-0.0007841421834095886,0.0005046688231037279
434,5,1-7,adjust,0.04688470158820257,-0.0009111457694208841,0.0006819035162421508
434,6,1-7,adjust,0.057656341608736,0.0008052287121354618,0.0015234461750897078
434,9,1-8,adjust,0.0024987126260145568,0.0007121860406006955,0.0006329277311236133
435,2,1-4,adjust,0.05079244758395409,-0.002324652309150652,0.00044049411800135005
435,3,1-4,adjust,0.08153747094223618,-0.0014116086535221153,0.0007271659296339355
435,6,1-5,adjust,-0.010376851809176142,-0.0006245479761217092,0.00023163733663338057
435,7,1-5,adjust,-0.021671402342134362,0.0002783221125835657,0.00024274541918085216
435,8,1-5,adjust,-0.01379476063713832,-0.0005981996367523189,0.00014378929022878443
435,9,1-5,adjust,-0.03165489702047374,-0.00018002097494966343,0.0007364469781000765
436,2,1-7,adjust,-0.0483997705292082,0.0011500051732662947,0.00015199973562253881
436,3,1-7,adjust,-0.04985510636812372,0.0006655677056761077,0.0005286023772884304
436,4,1-7,adjust,0.0030531021283688666,0.0005386219312783548,0.0007856757250663289
436,5,1-7,adjust,-0.039658661273567736,-2.5949325307234263e-05,0.0007056335579984234
436,6,1-7,adjust,-0.04687291924368866,7.046485696763749e-05,0.0002829249326473467
436,9,1-8,adjust,0.006043137408797337,-0.0010644449448595362,3.982346677289324e-05
437,2,1-4,adjust,0.0380000219554548,0.00016863906460075817,0.00043297299415956695
437,3,1-4,adjust,0.03097910234227768,-1.2964665243832472e-05,0.0009293639994943407
437,6,1-5,adjust,-0.02210596358262638,-0.00038266974653805054,0.0010860166402417348
437,7,1-5,adjust,-0.0341358590345209,0.0003752047161223329,0.0005656920178494071
437,8,1-5,adjust,-0.0422916105115944,0.000245850762351642,3.0472204103837403e-05
437,9,1-5,adjust,-0.030628291650466898,-0.001121386663721107,0.00027448159827711825
438,2,1-7,adjust,-0.027242262764572353,-0.0001641175377688634,0.00031241075197184417
438,3,1-7,adjust,-0.0828993227201572,0.00016648365690230887,2.202812218542206e-05
438,4,1-7,adjust,-0.06794981269478266,-0.00040750952425678416,0.000988135296184892
438,5,1-7,adjust,0.009033524754312893,0.0005354720266725,9.649068395529906e-05
438,6,1-7,adjust,-0.03876006373526983,0.0005023021734696097,4.793710563216292e-05
438,9,1-8,adjust,0.039074944449157344,0.00016082595689195133,0.0005966779854921663
439,2,1-4,adjust,0.01507491481080359,0.00027600999557818794,9.316463931795576e-05
439,3,1-4,adjust,0.03595894627936481,-0.0003896353419977493,0.000128692873164119
439,6,1-5,adjust,0.06686325867172214,0.000633743765852394,0.0008265629679789846
439,7,1-5,adjust,-0.045520026687113906,0.0004785461053397227,0.0003560727011112067
439,8,1-5,adjust,0.07292442329896051,8.70760163195912e-06,0.0005588306929543627
439,9,1-5,adjust,-0.0030562885241332658,0.0010602869305927345,0.0011244576325541587
440,2,1-7,adjust,-0.05444253692544676,0.0009322626691972415,0.0009249766422643775
440,3,1-7,adjust,-0.041807118679200436,0.0010701324618367385,0.00020035886066440819
440,4,1-7,adjust,-0.032699481058948425,-0.00023241112261911307,0.00033422431524620803
440,5,1-7,adjust,-0.12719602765800547,-7.53387847646931e-05,0.0007625448573815024
440,6,1-7,adjust,-0.13620957595012223,0.000334288844540539,0.0005254276288544709
440,9,1-8,adjust,0.018895031538087213,0.000254976646084359,0.0008966476113418558
441,2,1-4,adjust,0.043982143529409864,-0.0011047111854658707,0.0008256175275764767
441,3,1-4,adjust,0.004233021510226066,-0.0004820307186581503,0.0008279962217662878
441,6,1-5,adjust,0.0123103187685782,-0.001173636582224417,9.021944642437983e-05
441,7,1-5,adjust,-0.015576623650112347,-0.0009055934125921901,0.000255760400940971
441,8,1-5,adjust,-0.0469196361268065,-0.0007046698153270942,0.00016876974219043903
441,9,1-5,adjust,-0.022367141254882,-0.00047708774860972776,0.00010331996813649798
442,2,1-7,adjust,0.014800059391826749,0.000287747168841633,0.0003197741649196518
442,3,1-7,adjust,0.0013723389372314486,0.0004014093101395885,0.0005490020785192465
442,4,1-7,adjust,0.009784016511541873,0.0004215396415661446,0.00020486501726238443
442,5,1-7,adjust,0.07600598679539176,0.00045954259255058766,4.9492054727140036e-05
442,6,1-7,adjust,0.06303384927185607,0.000994993993380023,0.0007306586605749722
442,9,1-8,adjust,-0.007195229149657367,-0.0007631741893528291,0.0002645626087942106
443,2,1-4,adjust,-0.033383254517185004,-0.00020556494237130622,0.00011516838806007144
443,3,1-4,adjust,0.03674001385102052,-0.00012408016680243866,0.0008341159322355507
443,6,1-5,adjust,0.04437448656900899,-0.0007504140547324534,1.9856052814737394e-05
443,7,1-5,adjust,0.13042172779777547,-0.0003601858860036177,0.0006246745541826419
443,8,1-5,adjust,0.02819415719231177,0.00044954112967731546,0.0004082110050475957
443,9,1-5,adjust,0.024204954192937993,0.001175000031181514,0.0003068284517887974
444,2,1-7,adjust,0.0020378232548438745,-2.3597764932173546e-05,0.00015413461930630548
444,3,1-7,adjust,0.0008711310371024093,-0.0011872060830789776,0.0002365019187325355
444,4,1-7,adjust,0.075008503967989,-3.717567001036469e-05,0.00025710268083857393
444,5,1-7,adjust,0.10753371114735008,-0.001065856538495945,0.0008588544380965887
444,6,1-7,adjust,0.0829338195138617,0.0006962631573140323,0.0011975452464605715
444,9,1-8,adjust,-0.011256118302905224,-0.00013142612575310926,0.00039320469666204264
445,2,1-4,adjust,0.04552490513573097,-0.0006863639698824811,0.0003053981793709997
445,3,1-4,adjust,0.01936456020383112,0.0002604116472466426,0.000916757717065838
445,6,1-5,adjust,-0.014548608740219415,-0.00027558733838865975,0.0007966516980116636
445,7,1-5,adjust,-0.08990619233398224,0.0014011356605592884,0.0003038895657403769
445,8,1-5,adjust,-0.08113863549178639,-0.00048410896242311827,0.00037733888472929326
445,9,1-5,adjust,-0.000558605536853754,-0.0005871282823140362,0.0003073176250480476
446,2,1-7,adjust,-0.0821494115000528,0.0019998437883013086,0.0011052881356475972
446,3,1-7,adjust,-0.05795906289145951,0.000411931320828429,0.0010936336703438727
446,4,1-7,adjust,-0.19742446234602337,0.0008891424059304702,0.00045845487845442933
446,5,1-7,adjust,-0.19004970575831168,0.00040958558221052227,0.0007694476961870609
446,6,1-7,adjust,-0.13630321646831686,-0.0006168755414343023,0.0002362122067129757
446,9,1-8,adjust,-0.04250102530765732,-0.0008909279507689563,0.00212031073594925
447,2,1-4,adjust,-0.002938940738516628,2.9867735052838726e-05,0.0007508344595268873
447,3,1-4,adjust,-0.07266497977321235,0.001898277693896831,0.0008464892990647218
447,6,1-5,adjust,-0.025582957501057452,0.00030978146214251037,0.0003311025868991394
447,7,1-5,adjust,-0.00760301659229777,-0.0011457713458051788,0.0006261294254466217
447,8,1-5,adjust,0.0004758985769298404,0.0006323989205787388,0.0008582805107522752
447,9,1-5,adjust,0.05981420506021603,0.0012555339160099635,0.00030631028962345864
448,2,1-7,adjust,0.09596582793083189,-0.0031411200526952022,0.000329429263243509
448,3,1-7,adjust,0.12447016420636547,-0.0017168583851605989,6.728378995587393e-05
448,4,1-7,adjust,0.09714820423559282,-0.0006785995675104735,0.0006258653579348746
448,5,1-7,adjust,0.07358903497596386,0.0008123862411010035,9.985772856527441e-06
448,6,1-7,adjust,0.07976600751907684,0.0002693642252519982,0.0006958969862198523
448,9,1-8,adjust,-0.04182788194425616,-0.0006333499609022645,0.0005390029460825363
449,2,1-4,adjust,-0.04614368834802732,0.002520551599631792,0.0008030915536529243
449,3,1-4,adjust,-0.07775924907363961,0.00022321951243387407,0.0005075233887475556
449,6,1-5,adjust,0.004423720930221812,-0.0005656306538235559,0.0004156083414531707
449,7,1-5,adjust,0.06677523110312643,0.0003632258915437565,0.0004947435938504942
449,8,1-5,adjust,0.10693573806997578,-7.953193836603599e-05,0.0002580982597085992
449,9,1-5,adjust,0.0734216558069265,0.0010727946108843487,0.0005131731071496652
450,2,1-7,adjust,-0.00778131728333843,-0.0008247013773904205,0.00018899842340866648
450,3,1-7,adjust,0.037175764855041975,0.0004088927416932696,0.00017247903094376997
450,4,1-7,adjust,-0.005115755738304575,0.00030301653920951463,7.54001172251939e-05
450,5,1-7,adjust,0.08001022899369414,-0.0004119070282882086,5.9083417345492465e-05
450,6,1-7,adjust,0.030962198501291158,0.0004853566150956066,0.000226978691300461
450,9,1-8,adjust,-0.03763911787703142,-2.6213012228363248e-05,0.0003181863449161098
451,2,1-4,adjust,-0.005677062175215244,-0.00029654246157515067,3.4482980464808564e-05
451,3,1-4,adjust,-0.03215499176124944,0.00015034434688936075,0.0007478767429819464
451,6,1-5,adjust,0.015028044763574859,6.168202232034248e-05,0.0009906839838715266
451,7,1-5,adjust,0.021121382989973847,0.0005689926284110841,0.0006620217852083181
451,8,1-5,adjust,0.010323564793626196,0.0004903192622732598,0.0006291724185344664
451,9,1-5,adjust,-0.018011114428372686,-0.0006562894536332985,5.552416050796e-05
452,2,1-7,adjust,0.0005453805678892902,0.0007935701080672028,3.789843162613393e-05
452,3,1-7,adjust,-0.001950242279498586,0.00038051758404781063,0.0007516769369100213
452,4,1-7,adjust,0.0217818447095734,-0.00032924585712025946,0.00016571273519495273
452,5,1-7,adjust,-0.04584429208621702,3.31722344183e-05,0.0005367741238827358
452,6,1-7,adjust,-0.008765895693037748,0.00013565085816919943,0.00023436052173802626
452,9,1-8,adjust,0.06274175775102894,0.0015189796996160935,0.0001535083048727532
453,2,1-4,adjust,-0.009439352049021361,-0.0007386237330457785,0.0010710467032084318
453,3,1-4,adjust,0.024723570147840348,-0.0014812079738008579,0.00011878726707326478
453,6,1-5,adjust,-0.03441425826317344,-0.00047876002230854667,7.21662642850288e-05
453,7,1-5,adjust,-0.056665458807309,0.0003478743298403298,0.0007293545253298023
453,8,1-5,adjust,-0.0731944666760492,-0.0011818651626017628,0.00037940179640852845
453,9,1-5,adjust,-0.032340829947043376,-0.000713087379037585,0.00014633555252501623
454,2,1-7,adjust,-0.0007074542882019821,0.00018236519521225866,0.0011599862130967451
454,3,1-7,adjust,-0.023914406279501137,0.0012533010830146042,0.0006402759301729034
454,4,1-7,adjust,-0.09525640597288225,0.0006403959663115029,0.0005692767475355109
454,5,1-7,adjust,-0.035436619296814215,-0.0005189580570314322,0.0005688712892319812
454,6,1-7,adjust,-0.06976808752701945,-0.0004067443434725029,0.0006380376314766623
454,9,1-8,adjust,-0.03474943538886231,-0.001379927538378317,0.0012089192627975425
455,2,1-4,adjust,-0.0009983297327363363,0.0010216621132800726,0.0001107525538350672
455,3,1-4,adjust,-0.056503040787284096,0.0008532241832228184,0.0022011277457206083
455,6,1-5,adjust,0.02397934538905544,0.0003757996123028487,6.559795834123162e-05
455,7,1-5,adjust,-0.04421196483804381,-0.0010385624617278563,0.0006453696005036967
455,8,1-5,adjust,0.007091033841178139,0.0005963727370467682,0.000341546592656825
455,9,1-5,adjust,0.023825149448699217,0.0005557758564930944,0.0012646147862881492
456,2,1-7,adjust,0.03853868579125205,-0.0013959980917567973,0.00026425807209422904
456,3,1-7,adjust,0.16211460198701483,-0.0019512285469845568,7.191584723836354e-05
456,4,1-7,adjust,0.040124851662279755,-0.0011022570466419472,0.0004296259699366747
456,5,1-7,adjust,0.029485707137537558,0.000674256424193361,3.747472248027051e-05
456,6,1-7,adjust,0.011721605247621548,0.0004793614624095827,1.6230586798464547e-05
456,9,1-8,adjust,-0.007942323092865659,0.00044332945461590244,0.0004288576860328646
457,2,1-4,adjust,-0.0358119294635675,0.0004302661797048292,0.0003191518389977453
457,3,1-4,adjust,-0.11045527929474445,0.0003926863236383968,0.0002838143286425321
457,6,1-5,adjust,0.03838113751324491,3.6164696641840544e-06,0.0005270120251841581
457,7,1-5,adjust,0.10360113678115121,0.00046499739955962836,0.0011181928004948916
457,8,1-5,adjust,0.02107921282941722,-0.0002217187720264963,0.0009040651665772282
457,9,1-5,adjust,0.011573673432816938,0.00030882618389328537,0.0011384287090330314
458,2,1-7,adjust,-0.021495045753366335,0.0010124935675299071,0.0010115034418899094
458,3,1-7,adjust,-0.03624201751509802,0.0005285594544959017,0.0004970273106784217
458,4,1-7,adjust,0.11794612789659427,0.0007219064273074798,2.66479016602273e-05
458,5,1-7,adjust,0.05905963651900692,-0.00012004912773755953,4.580233914909402e-05
458,6,1-7,adjust,0.057408756567479916,0.0004043037704328375,0.00028589999797982795
458,9,1-8,adjust,-0.02749677719268636,0.00018329702789495223,0.0005640306610796914
459,2,1-4,adjust,0.06124740561524119,-0.0014142111326018454,0.00023597105057658388
459,3,1-4,adjust,0.10772154297442496,-0.0012899599569600089,0.001076162309371332
459,6,1-5,adjust,0.009908779430450737,-0.0013249768120570384,0.0004133642118238865
459,7,1-5,adjust,0.008131825344483952,-7.72824698278928e-05,0.00011374927373605985
459,8,1-5,adjust,0.06799402816448673,0.001258718695957479,0.0007864939813755505
459,9,1-5,adjust,0.0030405820220749265,-0.00013338470748039912,0.00033317528199249566
460,2,1-7,adjust,-0.029278273310994696,0.0012183787914410913,0.001105385967028459
460,3,1-7,adjust,0.0059584741377047565,0.0003671959625375407,0.0008246568573037077
460,4,1-7,adjust,-0.06780908466910306,-0.0009335558999064505,0.0008732967769829333
460,5,1-7,adjust,-0.02686434021213943,0.0004331531408931512,0.0007487466039722235
460,6,1-7,adjust,-0.008155140056712688,0.001146061765364201,0.0014939230412579002
460,9,1-8,adjust,0.08759596691887077,0.001676034016551027,0.0016911868358992382
461,2,1-4,adjust,0.0084142599400016,-0.0017351306882304588,0.001076832558085603
461,3,1-4,adjust,-0.012397872877323936,0.0002928867924658451,0.000890408978288278
461,6,1-5,adjust,-0.022298995903600204,-0.0008874763105505228,0.0009215910704958393
461,7,1-5,adjust,0.04576856637414556,-0.00011450754531918143,0.0016819495698821945
461,8,1-5,adjust,-0.011334252517257754,0.0001443787186685959,0.0016301529958388297
461,9,1-5,adjust,-0.05111333544837046,-0.0014566016324585361,0.0013333681064831564
462,2,1-7,adjust,0.017652516310088916,0.001400605217320761,0.0012088439694977059
462,3,1-7,adjust,0.013723430462459692,0.0006120105508709361,0.001232780372328869
462,4,1-7,adjust,0.03390610479563382,0.0003804070330123229,0.0014887434153685152
462,5,1-7,adjust,-0.0015836874698326841,-0.0014529017658979377,0.0016130096708565397
462,6,1-7,adjust,0.07588019160955412,0.0008840094892987376,0.0009852196966302152
462,9,1-8,adjust,0.03157617115999003,0.0001949043047911888,0.0005075206584251394
463,2,1-4,adjust,0.011159816800738838,-0.0006362069318184081,0.0003747717766318565
463,3,1-4,adjust,-0.01769013745627012,-0.0007313449186064101,0.0003083065709949489
463,6,1-5,adjust,-0.1397899750807827,-0.0010164748102735647,0.00031246792142678657
463,7,1-5,adjust,-0.1283116137044488,-0.0005104531282261659,0.00044998690652389245
463,8,1-5,adjust,-0.08797231938766213,-0.001715998415613246,0.0005036353891644349
463,9,1-5,adjust,-0.04688389272521278,-0.00115092738119919,0.00032170582578959424
464,2,1-7,adjust,0.005027160025852629,-4.735818962320162e-05,0.0005021106578661799
464,3,1-7,adjust,0.05033712742642341,-0.0005215280359124535,0.000325551917973253
464,4,1-7,adjust,-0.01636903343271297,-0.00018992538157544674,2.068454978742269e-05
464,5,1-7,adjust,-0.03779475095504963,0.00021578391084015478,0.00026341948999375996
464,6,1-7,adjust,0.01631799085544451,-0.0009567733366111457,0.0005489011953920665
464,9,1-8,adjust,-0.04110100456042436,-0.001209391248433685,0.0007730659673448585
465,2,1-4,adjust,-0.02846179929435469,-6.897847943775511e-05,0.0003104450958028895
465,3,1-4,adjust,-0.06263859420168523,-0.0008381672750863067,0.0002555656713290688
465,6,1-5,adjust,-0.013588197261363821,0.0015887691402141533,0.0003726308651784228
465,7,1-5,adjust,-0.03659681471106073,0.00012663751595520448,0.0002916918320456099
465,8,1-5,adjust,0.07741151362540516,-0.0002239968429932809,9.644575371765727e-05
465,9,1-5,adjust,0.011599157738609967,0.0012503212428423647,0.00018733245984353843
466,2,1-7,adjust,0.011453939254689634,-0.0004178397158094655,0.0005676059889304001
466,3,1-7,adjust,-0.003474695632398573,0.0018851995570159678,0.000825209853802942
466,4,1-7,adjust,-0.002744225715632317,0.001238027630333897,0.0004149505677926711
466,5,1-7,adjust,-0.03199698613808917,0.0006651676821324024,0.0014585934337982029
466,6,1-7,adjust,-0.029569553442632977,-0.000635719967444296,0.0018420503239431304
466,9,1-8,adjust,0.033438709808726846,0.0009016720464805368,0.001341489675018899
467,2,1-4,adjust,-0.04572738847543061,0.0016511119650944345,0.00015196397407438292
467,3,1-4,adjust,-0.02042723549700332,0.0003588939831745017,0.0004577678497926394
467,6,1-5,adjust,0.0008962945004713627,0.0001132841551370539,0.0007885546290118488
467,7,1-5,adjust,0.09320537173661911,0.0006181159081131544,0.0003039071991188954
467,8,1-5,adjust,-0.06625883398026408,-0.00042350785002303335,0.000933955799129218
467,9,1-5,adjust,-0.011656677437545363,-0.001541739090780699,0.0009740198270476155
468,2,1-7,adjust,-0.009181761634009083,-0.0006414399885907067,0.0010851014058168434
468,3,1-7,adjust,-0.046812827736172756,-0.00018662690512431617,0.0008565671406135071
468,4,1-7,adjust,-0.04459423223901485,-0.0009525661240243565,0.0008936393664599944
468,5,1-7,adjust,-0.014079251115688423,-0.0005517659273309716,0.0010078551470353973
468,6,1-7,adjust,0.07844265831373137,0.00034405861409343214,1.1145459422583043e-06
468,9,1-8,adjust,-0.03435808184969139,-0.00012325094385519947,0.002087549549113071
469,2,1-4,adjust,0.028844160549838797,0.00020670295241748463,0.0005288795884038157
469,3,1-4,adjust,0.058819112299674174,-0.0006590234415405408,0.00039093575703673237
469,6,1-5,adjust,-0.09322729622839819,-0.0005912531823226317,0.00019096593840475866
469,7,1-5,adjust,-0.07723517856578994,-0.0011511040313237646,0.0004271567477984919
469,8,1-5,adjust,-0.04571195957197199,0.0012378882940986848,5.299246646276818e-05
469,9,1-5,adjust,0.008655716936009562,0.0005054222849614143,0.00026807924011229794
470,2,1-7,adjust,0.04170376250972979,-0.0006534250305730584,0.0005506865650582503
470,3,1-7,adjust,0.037710604001737584,-0.0001073239989193045,0.00028754926149980554
470,4,1-7,adjust,0.1347633438448663,-0.00010525912950081678,0.0006147050198943048
470,5,1-7,adjust,0.12697474523336325,0.0005678347609294056,0.0008234376343778548
470,6,1-7,adjust,0.02971499666408885,0.00036863619847470383,0.00021838365299187222
470,9,1-8,adjust,-0.00993448384624668,-0.00024243560892030572,1.2719737637776255e-05
471,2,1-4,adjust,0.006265439991431549,-0.0011319718791226628,0.00023967429993803754
471,3,1-4,adjust,0.032361193614937445,-0.0014404210256529371,0.0008922792668213545
471,6,1-5,adjust,0.12953468649783187,0.000643113242108295,0.0007456554069477067
471,7,1-5,adjust,0.11642077129010518,0.0007295903580185782,0.0006292313181192079
471,8,1-5,adjust,0.12674180166332802,0.0009126662444397417,0.0007518452274168279
471,9,1-5,adjust,0.02742601709338202,0.00044081960885761744,0.00039703346833085633
472,2,1-7,adjust,-0.017203228727267292,0.001040530453360993,0.0012286462135129839
472,3,1-7,adjust,-0.07307462179424973,0.002321100901186456,0.0012502799783513517
472,4,1-7,adjust,-0.07030488077600167,-0.00016708242624388563,0.0005014936675222888
472,5,1-7,adjust,0.003944908388295464,-0.0004976204803418939,0.000653615497193445
472,6,1-7,adjust,-0.013716084383196625,-0.0002680431018557625,0.0007468933103434157
472,9,1-8,adjust,0.04584521045261601,0.0012518348639265846,0.0005151726644366245
473,2,1-4,adjust,-0.009960319860393776,-0.0007842823700718966,0.00010316744959087368
473,3,1-4,adjust,0.03779946111676782,-0.0010809552950458076,0.0005249768876799694
473,6,1-5,adjust,-0.038156335355817174,0.00027703802914123463,0.0009501852601816907
473,7,1-5,adjust,-0.009716321280391314,0.00011084243962968062,0.0009014787960101512
473,8,1-5,adjust,-0.0785152394159862,-0.0009881199191784527,0.00020272251566767844
473,9,1-5,adjust,-0.04101522053733969,-0.0010646165186151083,0.00046214271949133546
474,2,1-7,adjust,0.007954889406544294,0.0001754559134899838,0.00043031564665866836
474,3,1-7,adjust,0.009040674418973414,-0.0009472881168560869,9.862804577370712e-05
474,4,1-7,adjust,-0.04227717271314648,-0.0002489550812188753,0.00013741819177266802
474,5,1-7,adjust,-0.021417015290734726,-0.00037762290171741627,0.0007695742776448818
474,6,1-7,adjust,0.013141361164923988,-0.0007008527507055293,0.000578621193594919
474,9,1-8,adjust,-0.018597068346903767,-0.0007496131810134637,0.002148216951009412
475,2,1-4,adjust,-0.02219567746437961,0.00046503865261485466,0.00011631375963890371
475,3,1-4,adjust,-0.03148607225100499,0.001493187766179966,0.0009458301555199747
475,6,1-5,adjust,-0.01660202074313593,-0.00011918393430944402,0.0008389928739044878
475,7,1-5,adjust,-0.1059388925459289,-0.000632394143303646,0.0012874623995963116
475,8,1-5,adjust,-0.03155615742851836,-5.3329216984727675e-05,0.0007377042516295107
475,9,1-5,adjust,0.0012782398961610464,0.00013222823362661807,0.00027016533953269796
476,2,1-7,adjust,0.034287465169820064,-0.001206426347720007,4.455424961382959e-05
476,3,1-7,adjust,0.027058054314952146,-0.0001749707815442673,8.296198473573246e-06
476,4,1-7,adjust,0.06536735303072258,0.0009816660731350323,0.0003036429589273105
476,5,1-7,adjust,-0.04062584533527398,0.00017937702503255875,0.00021502974558072337
476,6,1-7,adjust,-0.049358791357704754,0.0013996216544062345,0.0006851627258621795
476,9,1-8,adjust,0.0006593376922515165,0.0002791757877781087,0.00020992956663413285
477,2,1-4,adjust,-0.007179154647063084,0.00207412031080058,0.0005077870522244588
477,3,1-4,adjust,0.006709676147799272,0.0005376582919534312,9.667256262992675e-05
477,6,1-5,adjust,-0.0035124323777161468,-0.0005278567251830599,0.0005812832679789518
477,7,1-5,adjust,0.0066893252315711775,0.0006185438374771121,0.0006828817194692599
477,8,1-5,adjust,-0.0066475009541611466,-0.0009894459707468363,0.0009851830835583826
477,9,1-5,adjust,-0.0018233092670728514,0.0003193759296522768,0.0004134985893772537
478,2,1-7,adjust,-0.05875426832583667,-0.0004720457642667343,0.0006022073931634516
478,3,1-7,adjust,-0.08675248133915314,-0.0009870548651617426,0.0010455912069501122
478,4,1-7,adjust,-0.13953802805300686,0.0003266940830120101,0.0012866418454871684
478,5,1-7,adjust,-0.023484142418426748,0.0010921636240230114,0.0010105314434860197
478,6,1-7,adjust,-0.012197532252649537,-3.8923721945116556e-05,0.0005666495936266666
478,9,1-8,adjust,-0.02003631536705194,-0.0020225064181828554,0.001757435830099637
479,2,1-4,adjust,-0.0076413828591707245,0.000390091362737627,0.0008781683265215896
479,3,1-4,adjust,-0.03785821581648076,0.000959491283336157,0.0005681591468609258
479,6,1-5,adjust,0.023854687421328923,-0.001004286515315906,0.000474043714212596
479,7,1-5,adjust,0.04114836789772251,-0.0003091302934515375,0.00017890740125983497
479,8,1-5,adjust,0.041659194988923356,0.0011153112390621268,0.0003974622546972948
479,9,1-5,adjust,0.060521327277539054,0.0030435236645720448,7.770380318538067e-05
480,2,1-7,adjust,-0.015610242174115116,-5.274137533269236e-05,1.4246347497316907e-05
480,3,1-7,adjust,0.0949087596795144,-0.00033022969210384177,0.00012756025598957798
480,4,1-7,adjust,0.06961383362234888,0.0005087109196392249,0.00018715304466330007
480,5,1-7,adjust,0.007534000141304162,-0.0013238399448314547,0.0007190968597400516
480,6,1-7,adjust,0.038653157077865874,0.0005010152708197252,0.00045928459615422675
480,9,1-8,adjust,-0.034714266423770096,-0.0006488208946562186,9.158085763938236e-05
481,2,1-4,adjust,0.014696608209984844,0.0005945610917511222,0.0014637533893198875
481,3,1-4,adjust,-0.05386541889164589,0.0013463121139553084,0.0015281597119056207
481,6,1-5,adjust,-0.03932083249971018,-0.00025259528830410275,0.0006748118001118333
481,7,1-5,adjust,-0.07340384715628409,3.2970134195411095e-05,0.0009087281953812791
481,8,1-5,adjust,-0.03520354159450056,-0.0002947302984322163,0.0009500193157081103
481,9,1-5,adjust,0.018945392555900418,-0.0013792065368980733,0.0010884772397643536
482,2,1-7,adjust,0.07547906908324674,-0.0017494582108341752,0.0004293396407378838
482,3,1-7,adjust,0.02150031001157802,-0.0018708760151763836,0.00042298577473549767
482,4,1-7,adjust,-0.05374367343474406,-0.0010895261080181365,0.00022020343984756604
482,5,1-7,adjust,-0.039827866692915846,0.0020952903764752647,0.0002037658029595818
482,6,1-7,adjust,-0.07091476900742397,0.00045066708341486543,0.0001221238873640431
482,9,1-8,adjust,-0.02165202802408294,0.0010266314689880666,0.00023729175735434643
483,2,1-4,adjust,-0.05753338577750379,0.0015488722956128085,0.000669485963443271
483,3,1-4,adjust,-0.04869713606845612,0.00035434569095572904,0.00036655693773883264
483,6,1-5,adjust,0.05156588717527188,-0.00016754706824743736,0.0012370475902476002
483,7,1-5,adjust,0.13458950283368132,0.0008584088080471442,0.0004178373545907628
483,8,1-5,adjust,0.13122757775682073,0.0018494936812891035,0.0010358024083303146
483,9,1-5,adjust,0.04024713348480823,0.0010361552851402673,0.0004787995487440945
484,2,1-7,adjust,-0.011290094524973676,0.00026618073419695706,0.0018824505463397865
484,3,1-7,adjust,-0.005490086829324312,0.0005944610727927384,0.0008139983218697016
484,4,1-7,adjust,0.049799462724607786,-0.00026874933821425086,0.0013246350709499829
484,5,1-7,adjust,0.018963170319711425,-0.001767836158479296,0.0010466299658197838
484,6,1-7,adjust,0.11276513597434948,0.0004058536549973764,0.0012164512343984548
484,9,1-8,adjust,0.04043275725474785,0.0004258580736963267,0.0002392360866626935
485,2,1-4,adjust,0.04800105229964579,-0.0009174861798982402,0.00017663986666903716
485,3,1-4,adjust,0.07004031296244372,-0.0007334941946166563,0.00021050247333667527
485,6,1-5,adjust,-0.12819145309663066,-0.0008246351937109624,0.0004796833310583946
485,7,1-5,adjust,-0.1634079415144103,-0.0006673520013104413,0.0001604561249976945
485,8,1-5,adjust,-0.06700096390035458,-0.001842541510698081,0.00014502155745451143
485,9,1-5,adjust,-0.08164240267485555,-0.0017143897664191558,0.0003723951902450331
486,2,1-7,adjust,0.030436975188818726,-0.0012441754644271802,0.0014315182348356408
486,3,1-7,adjust,-0.0376306450732604,0.0010619886879852857,0.000916562052492796
486,4,1-7,adjust,-0.017255600803220947,0.0006363458161553229,3.3612504186628526e-05
486,5,1-7,adjust,-0.02121488197402886,0.0008517844329887677,0.0011776735041463234
486,6,1-7,adjust,-0.0588165784471107,0.0005859916988096674,0.001759040735302596
486,9,1-8,adjust,0.030908420897085037,0.0004785414356927765,0.0013683427229339898
487,2,1-4,adjust,-0.062316244293515316,0.001903101398231578,4.893373121749033e-05
487,3,1-4,adjust,0.00920480272531864,-0.0010417508619346852,0.00042311659748143815
487,6,1-5,adjust,0.08867407335075479,6.13070194128375e-05,6.23106383550868e-05
487,7,1-5,adjust,0.13776534444893865,-0.0004078008919296297,0.0002146775690001284
487,8,1-5,adjust,-0.03754939422471068,0.00044381057862038055,8.951185640647421e-05
487,9,1-5,adjust,-0.025915561835164382,0.0003282159927298391,0.0006541787295920352
488,2,1-7,adjust,0.039481234859485445,-0.001083001058590425,0.00041607546896514484
488,3,1-7,adjust,0.10816151798358675,-0.0006015646894373532,0.00036977807037401084
488,4,1-7,adjust,0.19299646208833288,-0.0015942540475173466,0.0006254583350107843
488,5,1-7,adjust,0.011518872486602686,-0.0010301430404657669,0.0010001724351590372
488,6,1-7,adjust,0.08129206521874169,0.00028093927363103646,0.0011372724727562206
488,9,1-8,adjust,-0.011805114981373516,-0.0007676720579432121,0.0007258704547182912
489,2,1-4,adjust,0.053411912229409206,-0.00144050049999123,0.0018907555493544465
489,3,1-4,adjust,0.052785719180831046,-0.0014029093263906445,0.0030891120110159093
489,6,1-5,adjust,-0.13145569308885463,-0.0008343620541261398,0.0012188985687439844
489,7,1-5,adjust,-0.12529508404540265,-0.0002942721435162733,0.0010078965495304308
489,8,1-5,adjust,0.021393329509575988,-0.0008739514769106114,0.0012986087287139437
489,9,1-5,adjust,-0.002969090642090807,0.00036609344281667385,0.00164915395408025
490,2,1-7,adjust,-0.015241205160142475,0.00078325906574522,0.00040467306663907244
490,3,1-7,adjust,-0.0060615363441241295,0.001554172205798105,0.0005435602735905261
490,4,1-7,adjust,-0.06755425466493553,0.0002495339375933238,0.00026883132111922813
490,5,1-7,adjust,-0.04711092854792999,3.286614828972352e-05,0.00026786404440836434
490,6,1-7,adjust,0.03786301859386774,0.00095092972997502,0.0015227035133776965
490,9,1-8,adjust,0.014685247015165296,-0.0008013167733164981,0.001107733871495428
491,2,1-4,adjust,-0.0308521861207992,-0.0004842505912770779,0.001009513259732063
491,3,1-4,adjust,-0.029809126707754364,-0.0011756449616971711,0.0019196248712183203
491,6,1-5,adjust,-0.07956058345431354,-0.0009158862726670494,0.0006606585374700133
491,7,1-5,adjust,0.00625598389932176,-0.000137633990791215,0.00013827430561274168
491,8,1-5,adjust,-0.04600632525498604,-0.00011275803555671302,1.2332561030789212e-05
491,9,1-5,adjust,-0.005088819343462097,0.00016915787642916995,0.0005201116373139595
492,2,1-7,adjust,-0.025667130531983457,0.0012104192192150696,0.0006109146355735546
492,3,1-7,adjust,-0.018971162319478936,0.0009361541957070202,0.000666760845279856
492,4,1-7,adjust,-0.07061280347449493,0.0006839010463369416,0.0002137849282129776
492,5,1-7,adjust,0.10798637676041699,0.0007703141770343061,1.1600324207627722e-05
492,6,1-7,adjust,0.057416893687297396,-8.541060753719798e-05,0.0007117173679147432
492,9,1-8,adjust,-0.01379095833403939,-0.0016178467415316428,0.00011166074322972987
493,2,1-4,adjust,0.022325858878165787,0.00013676897338414293,0.0005468090417812614
493,3,1-4,adjust,-0.06688575912270694,0.0005456272710217556,0.0003162444437626169
493,6,1-5,adjust,0.07278371498869021,0.000536163364494863,0.0006147476968473612
493,7,1-5,adjust,0.07887409037047174,0.0009722587197687497,0.00048570886847270413
493,8,1-5,adjust,0.0298081435889123,0.0016134635468095424,0.00022492860669062336
493,9,1-5,adjust,0.033459453187050896,0.0028748519300839884,0.000569748613874397
494,2,1-7,adjust,-0.037895124606586755,0.0006122678220066243,0.00020432430905723074
494,3,1-7,adjust,0.02880106064989404,-0.0005046370552359537,0.0010767276454232686
494,4,1-7,adjust,-0.092373497141046,0.000758398541440499,0.00011408974938199202
494,5,1-7,adjust,-0.01839843807996099,-0.0005059732170997992,0.0005032101104778703
494,6,1-7,adjust,-0.03310410462581102,-0.0006409164694411469,0.0010615039458513878
494,9,1-8,adjust,0.022657750342268863,-0.00046398439228093123,0.0004226748044101679
495,2,1-4,adjust,-0.042394207161114444,-0.0002726844434039357,0.0014459284143873983
495,3,1-4,adjust,-0.11243186011465982,0.0016363107252825582,0.0018874049485442354
495,6,1-5,adjust,-0.008860473142197517,0.00034509172407049156,0.0009575652922930436
495,7,1-5,adjust,-0.005303841538051011,-0.0007563781631874223,0.0007438662276367192
495,8,1-5,adjust,0.04211159939374065,-0.00034247445047036294,0.0005694856147395819
495,9,1-5,adjust,-0.023832215831254305,-0.000520482065990999,0.00021009682505100237
496,2,1-7,adjust,0.09471916875655917,-0.001398081735019389,0.001210302024059083
496,3,1-7,adjust,0.15387512363154682,-0.002261935247547784,0.0014816462795563166
496,4,1-7,adjust,0.19097814951219638,-0.000903213816593901,0.0010838497481878264
496,5,1-7,adjust,0.07767816552603157,0.00021393934967385474,0.0008273222084155332
496,6,1-7,adjust,0.056676337786452514,-9.953525816735124e-05,0.0011795814453688634
496,9,1-8,adjust,0.004794880684732497,0.0005636577542074919,0.0009434849855227075
497,2,1-4,adjust,0.029334179108504777,-0.0005675498351060463,0.000946290239323757
497,3,1-4,adjust,0.002089907719098253,-0.0004605409032991984,0.001273364839051637
497,6,1-5,adjust,0.022675668617821894,0.0009225412385634522,0.0004466694615730427
497,7,1-5,adjust,0.03176931347423685,0.0021134295773245415,0.0012871661070700652
497,8,1-5,adjust,-0.00413464771599749,-6.256625625470194e-05,0.0003152965953551316
497,9,1-5,adjust,-0.0179479891218544,-0.0003657075988018834,0.00023489910676823686
498,2,1-7,adjust,-0.1424381089698241,0.0037113200627141587,0.00039988748331117925
498,3,1-7,adjust,-0.17880693786624827,0.003235311890684892,0.0010319793062794156
498,4,1-7,adjust,-0.21161897946625136,0.0010216507983897712,1.0626991774414428e-05
498,5,1-7,adjust,-0.11204390903425422,0.00018148929425351222,0.0005958514650044526
498,6,1-7,adjust,-0.07890396660918605,-0.0010557498726281901,0.0005380182802777445
498,9,1-8,adjust,0.022620108372033983,-0.0005104025522131815,0.001609688720966054
499,2,1-4,adjust,0.036372705772830666,-0.0009524747013683946,0.0011421377691987241
499,3,1-4,adjust,0.01469212868030535,-0.0010046656847094604,0.0009334374518199901
499,6,1-5,adjust,-0.012670915686623587,0.0005538835250670829,0.0005465838983334498
499,7,1-4,adjust,0.001432871290511836,-0.00182470738051469,1.80244088298617e-05
499,8,1-5,adjust,-0.02028559917062456,0.00040658936145961377,0.00011841542267914488
499,9,1-5,adjust,-0.008718133458505486,0.000976987694201824,0.0007592989948886624
500,2,1-7,adjust,0.04476161205429442,-0.0005948895224307123,0.0005938771267243817
500,3,1-7,adjust,0.11586248576356471,-0.0008028031497413908,0.0010820980989165211
500,4,1-7,adjust,0.14368911197543574,-0.0006757867241846671,0.0015165224757320737
500,5,1-7,adjust,0.11739636289270279,-0.0004522264886875653,0.0013916199100176307
500,6,1-7,adjust,0.05800371070480299,-0.00048510017456970843,0.0012050603717558232
500,9,1-8,adjust,0.014209125465127795,-6.021809291726985e-05,0.0004796431750492474
501,2,1-4,adjust,0.02007844846146017,-0.0014910813752392793,4.396971036387582e-05
501,3,1-4,adjust,0.0007399082622709631,-0.00022976961167286533,0.0004568992652666281
501,6,1-5,adjust,0.0025417290310960575,0.0007170739234754618,0.0010391604836749184
501,7,1-5,adjust,0.02470037874806475,0.0009862480221193926,0.0005509437054070936
501,8,1-5,adjust,0.03256727208631355,-0.0006134341200883671,0.00018184926124781777
501,9,1-5,adjust,-0.028217789383368032,-0.0013626531814774968,0.00042112340823646354
502,2,1-7,adjust,-0.040325959290145985,0.001528911130548223,0.0004021810513326948
502,3,1-7,adjust,-0.004725107261849903,0.00038941230648486917,4.2717851611886754e-05
502,4,1-7,adjust,-0.08291662111518909,0.0009314582509852937,0.0005991925817474389
502,5,1-7,adjust,-0.04094868244686264,0.0002031251408137309,7.825486616786009e-05
502,6,1-7,adjust,0.04979549231503204,0.0009023277008670791,1.7207760968084617e-05
502,9,1-8,adjust,0.04515083214308447,0.0014812616390178376,0.000612876902478277
503,2,1-4,adjust,-0.026631479225338164,0.0002768028810976013,0.0011471787121306394
503,3,1-4,adjust,-0.0653128788564843,0.0007384726734832907,0.0020079797477426556
503,6,1-5,adjust,-0.053637615325985114,-0.0004441908507305959,0.0007543050177622125
503,7,1-5,adjust,-0.007552061163222923,-0.001507913905316974,0.0003911265331739458
503,8,1-5,adjust,-0.02055375554824065,-0.0001949421729155409,0.0005578489982560002
503,9,1-5,adjust,-0.04732191619952994,-0.0013516813357001272,0.0006732959989949896
504,2,1-7,adjust,0.08757693159440443,-0.0017637428263301306,0.0006160325499880796
504,3,1-7,adjust,0.08431072583559472,-0.0016837328894746967,0.0003857101998826668
504,4,1-7,adjust,0.11629177057079987,-0.0009461272226472221,0.00011691333949956053
504,5,1-7,adjust,0.12680734448218275,6.795673810490579e-05,0.0005660717924377094
504,6,1-7,adjust,0.04828074147051021,-0.0005752424154222946,0.00010275895436825395
504,9,1-8,adjust,0.02235130723354693,0.0016871883454955556,0.0008994822108154118
505,2,1-4,adjust,0.00515919695055387,-0.00026367238808432613,0.00022953003984278937
505,3,1-4,adjust,0.02500473619545504,3.905707358886763e-05,0.00011303686458027621
505,6,1-5,adjust,0.05273525135656619,0.0011320054303066399,0.0016970409663999695
505,7,1-5,adjust,0.05866173227270617,0.001776378362076284,0.0012646008525597188
505,8,1-5,adjust,0.005325234165530899,0.0005135760567310782,0.00048242235423132096
505,9,1-5,adjust,0.03311676759803124,-0.0006315320074951048,0.001479901693477815
506,2,1-7,adjust,-0.0982643716729711,0.0030029643171000865,0.0005967461109958625
506,3,1-7,adjust,-0.06263688221915033,0.001147075552166789,6.076165881496584e-05
506,4,1-7,adjust,-0.16945059347868685,0.00047062163878802964,0.00018985303365428154
506,5,1-7,adjust,-0.13793958661259856,0.00028449730220012266,0.00018164265846174138
506,6,1-7,adjust,-0.07014395006199378,-0.0015918775468542314,0.0006716065154451009
506,9,1-8,adjust,-0.037415296608756664,0.0002453756004472842,0.001374038035555354
507,2,1-4,adjust,0.025031734749182303,-0.0006276183566622659,0.0010295637802878494
507,3,1-4,adjust,-0.07753746549889838,0.0009580529830709042,0.0018012722749651397
507,6,1-5,adjust,-0.024566708806073558,0.00011080207285462667,0.001592063181663911
507,7,1-4,adjust,-0.13495165291267347,-0.0006121748763753468,1.2608347280772771e-05
507,8,1-5,adjust,0.010104653242469099,-0.00013416808486284564,0.0003735317266569698
507,9,1-5,adjust,0.0050497833641409955,3.8519430230875464e-07,0.0005104335543130921
508,2,1-7,adjust,0.021050032796878723,-0.0006247198385838927,0.0006948900666316336
508,3,1-7,adjust,0.10585202099274096,-0.0013410987914853699,0.0004054190755083783
508,4,1-7,adjust,0.08560203139459151,9.92928478192072e-05,1.6204823177535582e-05
508,5,1-7,adjust,-0.037584102566394814,0.00033251183225176464,4.928990140317848e-05
508,6,1-7,adjust,-0.08090114905510028,-0.0009889355743410266,0.00026186921558226165
508,9,1-8,adjust,0.005648720075832706,0.0004869079463401921,0.0004646334276583465
509,2,1-4,adjust,-0.011531145966841296,-0.0002968631935570458,0.00020401892732613551
509,3,1-4,adjust,-0.03994713170036297,0.00047506526122371664,0.00011484672769202844
509,6,1-5,adjust,0.06456886851338578,0.0008578641987981867,0.0002540013295866924
509,7,1-5,adjust,0.019458998615087174,0.00019144602521322274,0.0002809092617170033
509,8,1-5,adjust,-0.03938418792697103,3.951667974050891e-05,0.0004560075986251963
509,9,1-5,adjust,-0.010186636593923685,-0.0007338083465651387,0.00040765335547709227
510,2,1-7,adjust,0.0087613086285767,-0.0007333714570385597,0.00031091390706435707
510,3,1-7,adjust,0.0037032608065745115,-5.4671851162610765e-06,7.700993956235697e-05
510,4,1-7,adjust,-0.03566324314028578,0.0002499816650419259,0.0008229495029293103
510,5,1-7,adjust,-0.01425782923080251,0.00010487784690246403,0.0004400800814707732
510,6,1-7,adjust,-0.0607307071531907,-0.0001574124821962476,3.274822098765403e-05
510,9,1-8,adjust,0.009867703633807748,-0.0004425942518728783,0.00016998790687265225
511,2,1-4,adjust,-0.03428722582213102,0.0011983906694744669,0.0005064381457442206
511,3,1-4,adjust,-0.05963071889213275,0.0008028220027863868,0.00046599585737358063
511,6,1-5,adjust,0.025524272928352937,-0.00018578784828429142,2.4417030659687188e-05
511,7,1-5,adjust,0.014663627439382933,-4.70768374750552e-05,0.0002242529834840144
511,8,1-5,adjust,0.09277955519815248,-0.00028143304695834323,0.00020259307742384836
511,9,1-5,adjust,-0.0006643332951904637,0.0006298282492870555,2.955719691563903e-05
512,2,1-7,adjust,0.029583891398287033,-0.0008449836488798683,0.000230061392156341
512,3,1-7,adjust,0.03612984491615078,-0.0005711778265185927,0.0004203134650572173
512,4,1-7,adjust,0.024080933775786916,-0.0015792186887354314,3.670328440770109e-05
512,5,1-7,adjust,0.013362968915879845,-0.0009855034601263673,0.00048738742833835886
512,6,1-7,adjust,0.04381544990492751,0.0006427868358701215,0.00042328983222386743
512,9,1-8,adjust,0.04047635038012918,0.0003173022922680081,0.0012501094669616886
513,2,1-4,adjust,0.033499394448170565,-0.0015097753864705696,0.0004969457739704142
513,3,1-4,adjust,0.01639032935227249,-0.001016563617406319,0.0003814898164773613
513,6,1-5,adjust,-0.05740046944941504,-0.0005795900028214586,0.0007159056000642767
513,7,1-5,adjust,-0.038661695189657584,-0.0007402429524736551,0.0008896538953244276
513,8,1-5,adjust,-0.09857727111648404,-0.00018108238707034396,0.0007562151091673538
513,9,1-5,adjust,-0.07334328140277689,-0.0009629703368262337,0.0003993531369194059
514,2,1-7,adjust,-0.029098626531703503,0.0016086355776177177,0.0003432325248653311
514,3,1-7,adjust,0.06912615772922391,-0.00020298641231439427,0.0006659730692285917
514,4,1-7,adjust,0.08767617102707596,0.0017361227597971205,0.0001380492912358361
514,5,1-7,adjust,0.003497073372798336,0.0004863452781610457,8.683289376036324e-05
514,6,1-7,adjust,0.006179250976996886,-4.162069888659776e-05,0.00025617507582208714
514,9,1-8,adjust,0.0015579180709584606,0.0001304456334708208,3.8915229292914065e-05
515,2,1-4,adjust,-0.0053762835346470375,0.0006615827326493769,0.00010221764712452045
515,3,1-4,adjust,-0.029823948095107917,5.550443527750288e-06,0.000948765990845734
515,6,1-5,adjust,0.036412639317538985,0.00045445561113256506,0.0008269005247038648
515,7,1-5,adjust,-0.0310415412123814,0.0005929951588678569,0.0013818523913901673
515,8,1-5,adjust,-0.03778483823403177,-2.632355936295071e-06,0.0013584707149757744
515,9,1-5,adjust,0.03894397477959028,0.0013424919191005794,0.00043907173899639427
516,2,1-7,adjust,0.008122653961279848,-0.0004428292309706915,0.0006500607162932014
516,3,1-7,adjust,-0.07685697739348515,0.0004611274498541826,0.00010750835695920795
516,4,1-7,adjust,-0.14714628013557904,-0.001118547101790482,0.0001930200338342758
516,5,1-7,adjust,-0.026036592932548504,0.0006900824573527678,0.00012866208405111246
516,6,1-7,adjust,-0.08182628206371134,0.000247381346755912,0.00026023980209631406
516,9,1-8,adjust,-0.030624898798709783,-0.00230735051922667,0.0007764714767640006
517,2,1-4,adjust,-0.00412444754359457,2.3687074693705846e-05,0.0008846705795984021
517,3,1-4,adjust,0.009809202789072909,0.000790198029016616,0.00029483715169539783
517,6,1-5,adjust,0.06649650208255889,0.0005257714474943448,0.001322256489996057
517,7,1-5,adjust,0.11312481290354744,-0.0007189811470845748,0.0013090300363543103
517,8,1-5,adjust,0.07762273345271645,0.0002079378975069853,0.0006540225461527997
517,9,1-5,adjust,0.04297902588510289,0.002291033254308567,0.0008924257302838542
518,2,1-7,adjust,0.007083140891087684,-0.00081691551974759,0.00014735368527251579
518,3,1-7,adjust,0.09238730102606976,-0.0010627723128025942,0.0008029660641868666
518,4,1-7,adjust,0.13196895820132204,-0.0003803141161119347,0.0005086935331415619
518,5,1-7,adjust,0.1560574001526203,-0.000814219201151788,0.0006318193179977944
518,6,1-7,adjust,0.07493642511465441,-0.0003237489217830411,0.000445679973617475
518,9,1-8,adjust,-0.03796921407708065,-0.0005010854084631103,0.00036277300124909305
519,2,1-4,adjust,0.041142432916361577,8.82749023943292e-05,0.000375076565344463
519,3,1-4,adjust,-0.01327915581021932,-6.300394141795833e-05,0.0003578301996877969
519,6,1-5,adjust,0.016915597777923203,-0.0002621533120877135,0.0012023657616979577
519,7,1-5,adjust,-0.004396660430553468,0.0010248666999177335,0.0011268331769412492
519,8,1-5,adjust,0.06663108882854028,0.0010157560792849933,0.0011111827419450645
519,9,1-5,adjust,0.03123389236723022,-6.804464286590889e-05,0.0015251534526712954
520,2,1-7,adjust,-0.057093843074384906,0.0018401923417381396,0.0010265658858037501
520,3,1-7,adjust,-0.10526692763864744,0.0003842332330830236,0.0009589471355254992
520,4,1-7,adjust,-0.09433447717905971,0.0014657147726030893,0.00045382584338023716
520,5,1-7,adjust,-0.13119962965517545,-0.00010238391955564905,0.0008065865422918901
520,6,1-7,adjust,-0.09218641041390864,-0.0007117153910529695,0.001263514764689395
520,9,1-8,adjust,0.038951642014187986,0.001511939554595791,0.0018437413130913652
521,2,1-4,adjust,-0.012032602155806664,-0.0005328894727875462,0.0007767499273879302
521,3,1-4,adjust,0.034239556325180893,0.0016003318462292134,0.0010546870783678273
521,6,1-5,adjust,-0.006356806615411428,0.0006238418274804384,0.0003289325526831621
521,7,1-5,adjust,-0.033004403810594274,0.00019232991738721855,0.0005932738747221468
521,8,1-5,adjust,-0.08865842807494058,-0.0016568132205101965,0.0013130648428275097
521,9,1-5,adjust,-0.07149219600446767,-0.0017347111749857868,0.0004908678310351882
522,2,1-7,adjust,0.02437032924988645,-0.0002501038956081409,0.001105147503606397
522,3,1-7,adjust,-0.062157560847644434,-0.0005510457673864325,0.0005915594160678353
522,4,1-7,adjust,-0.06283541629361748,-0.0011539983323202681,0.0008604706049800329
522,5,1-7,adjust,-0.06327978064518998,-0.00027916168416256904,0.0002632814176983784
522,6,1-7,adjust,-0.017228941499716287,-0.0004528135001858341,0.0004563627673409714
522,9,1-8,adjust,-0.015618515151874417,-0.0011071185998188517,0.0019911495628666194
523,2,1-4,adjust,-0.02282626497536917,0.00023469207380418715,0.0004478770974272924
523,3,1-4,adjust,0.031866284420729224,-3.462293981589472e-05,0.000807176843146714
523,6,1-5,adjust,-0.06691286478938364,0.0005294106754977226,0.0006935221588552941
523,7,1-5,adjust,-0.12958793004432048,-0.0003900199713895431,7.343100172110558e-05
523,8,1-5,adjust,-0.007837458506181063,0.00027535168087196505,0.00034323738319030423
523,9,1-5,adjust,0.02915179671471859,0.0008692687291365123,0.0005253460025087596
524,2,1-7,adjust,0.05991957094919045,-0.0005896580936196843,0.0001302994552965601
524,3,1-7,adjust,0.006028459290765769,-0.0009089114812431009,6.573338840006985e-05
524,4,1-7,adjust,0.08985368867942307,0.00010676858722577516,0.00029983363623490997
524,5,1-7,adjust,-0.06077446791291223,0.0005732563112096661,0.0007342760904789958
524,6,1-7,adjust,-0.05144895938703531,-0.00040491214119479,0.001369096038574754
524,9,1-8,adjust,-0.008546699291400688,-0.00042983060287416527,0.0002460910449801053
525,2,1-4,adjust,-0.027240254798077772,-0.00038719335909775514,0.0010230236398545527
525,3,1-4,adjust,0.06339761241406706,0.0005633414442719474,0.0015743826263080341
525,6,1-5,adjust,0.026996687187499938,-7.607274365696928e-07,0.001166284181069411
525,7,1-5,adjust,0.02371176416759985,-0.00016165428887257788,0.00042278690464894205
525,8,1-5,adjust,-0.023085367794748523,2.3329564311453946e-05,0.0010339277339840986
525,9,1-5,adjust,-0.016294407056293106,-0.0006163743541885671,6.428398220213425e-05
526,2,1-7,adjust,-0.00946735371012679,0.00013585761906786218,0.0004528242571842342
526,3,1-7,adjust,-0.08203153556125034,0.0006393474303825776,6.681631363744165e-05
526,4,1-7,adjust,-0.02179230800434283,0.001247732855680356,0.0005093386367330807
526,5,1-7,adjust,0.007599834236696494,-0.00038128705919436443,0.00019618579714962298
526,6,1-7,adjust,0.017019020177802498,0.00011018564099810598,0.00028167550131406963
526,9,1-8,adjust,-0.010126779928590016,0.0009868639572082067,6.405714005682303e-05
527,2,1-4,adjust,-0.03384157243278994,0.0009548381995481913,0.0008162888123336279
527,3,1-4,adjust,0.03608032330104853,-0.00027478214953903377,0.0005032017776105259
527,6,1-5,adjust,-0.04622247215596478,0.0004888152717010693,0.001539439397188371
527,7,1-5,adjust,-0.018250632922986152,-0.00012736233635955358,0.0014358347431871238
527,8,1-5,adjust,-0.04077075485004932,-0.0006674811383264599,0.0012470863737613544
527,9,1-5,adjust,0.020647238491309908,-0.0002981786981106448,0.001144954140355499
528,2,1-7,adjust,0.052227756340544676,-0.0014801990810978632,0.0013094460515035943
528,3,1-7,adjust,0.026491107648694005,-0.00036745700128240936,0.0009001726748864011
528,4,1-7,adjust,-0.01890891145644573,-0.0003394227662573549,0.0009479272230474664
528,5,1-7,adjust,0.02785975602478571,0.001381387832241792,0.001134905856103379
528,6,1-7,adjust,-0.012572941008191911,-0.001144236338386713,0.0009339344563924862
528,9,1-8,adjust,-0.05526745471247715,-0.0003438754935801611,0.00046861370130163715
529,2,1-4,adjust,-0.03176577066728273,0.001592101244233857,0.0005540880534107255
529,3,1-4,adjust,-0.048759832012944745,0.0006671986944944498,0.0008285008502608725
529,6,1-5,adjust,0.12023334171557859,0.0005738180315942597,0.00023428879417216263
529,7,1-5,adjust,0.06234368935500524,0.00031408067339020373,0.00021943182744975972
529,8,1-5,adjust,0.10380994254114213,0.001974815590389417,0.0006436945781859652
529,9,1-5,adjust,0.12883535080838254,0.002464189064054254,0.0003135069731833376
530,2,1-7,adjust,-0.021785451078279873,-0.00017257017724641756,0.0010108370598846486
530,3,1-7,adjust,0.04581422444930379,-0.0013006654869016205,0.0008935940657324712
530,4,1-7,adjust,-0.019391204288869788,-0.00018529190674965455,0.000503491456926083
530,5,1-7,adjust,0.01775763458511046,-0.0013984771191036757,0.0006157777289500437
530,6,1-7,adjust,-0.03446235686492836,-0.00019528689114663796,0.0001155508651053621
530,9,1-8,adjust,-0.023727741099838603,-0.00024122651026077684,0.0017436146005925337
531,2,1-4,adjust,-0.00212285812834828,2.0533954441069494e-05,0.0009571610627917233
531,3,1-4,adjust,-0.043734575180258924,0.0007662643773139477,0.00032861641367890846
531,6,1-5,adjust,-0.008313472159946196,0.00020510593382103845,0.000775406675761532
531,7,1-5,adjust,-0.01593182688896826,-0.0011501752206270995,0.00039126534207640135
531,8,1-5,adjust,-0.10384712004498227,-0.0014342667141538752,0.0006488077352865356
531,9,1-5,adjust,-0.04830753293610547,-0.002119591593029631,0.0010692231733893736
532,2,1-7,adjust,0.05853089676726758,-0.0018750451745615736,6.251866820173894e-05
532,3,1-7,adjust,0.18481080013146212,-0.0018322844298930164,0.0003832461479897892
532,4,1-7,adjust,0.03598778103737145,-0.0008513375831805452,0.0001442092041847867
532,5,1-7,adjust,0.11560998229719366,0.0006263733208750902,0.00017529917626965175
532,6,1-7,adjust,0.013010193564771769,1.8196055698279688e-05,0.0009730806928839368
532,9,1-8,adjust,-0.033791876416772934,-0.000447498006854041,8.042436292916322e-05
533,2,1-4,adjust,-0.003936007217973035,0.0008172774685748784,0.0003352460294452085
533,3,1-4,adjust,-0.14118047697946925,0.0013118215169472098,0.0007518578557169919
533,6,1-5,adjust,0.12361993996031613,-0.0003398336030190645,0.0008585005795795016
533,7,1-5,adjust,0.09038201739392603,0.0016414697287150737,0.0010157329813674054
533,8,1-5,adjust,0.105305051463139,0.0012322772099071374,0.0006603067006252775
533,9,1-5,adjust,0.026140292613711535,0.001283310165109678,0.0003959692875563498
534,2,1-7,adjust,-0.07923642497789399,0.0019284750724257059,0.00012244804658366985
534,3,1-7,adjust,-0.06446503056709212,0.0008099082733045825,0.00039731369239353465
534,4,1-7,adjust,0.023356818829334117,0.001677907948247687,7.073675869045876e-05
534,5,1-7,adjust,-0.009880309759457476,-0.0006216276282156874,0.0013487110573455463
534,6,1-7,adjust,-0.06623324570158588,0.0007771111614627287,0.00023134580039890597
534,9,1-8,adjust,0.048511252168040184,0.000978189544493067,0.0003474152364440088
535,2,1-4,adjust,0.04108345605566292,-0.0006338306139816767,0.0010441544639300604
535,3,1-4,adjust,0.03068482592980624,-0.000649368374595256,0.0005326395526447806
535,6,1-5,adjust,0.002513526610317135,0.00012643413090889538,0.0008596291437510036
535,7,1-5,adjust,-0.0475304318083762,-0.00047767843928063665,0.0010462304716805173
535,8,1-5,adjust,-0.016953440114170062,-0.0013043539896562173,0.0007469590232989907
535,9,1-5,adjust,-0.05244570629348403,-0.0014653539353347645,0.0016485808410632652
536,2,1-7,adjust,0.006209472533329827,-0.0006768350433775629,0.00032366384530401154
536,3,1-7,adjust,0.002168132511286594,0.0002887557258727609,0.0003645245410665639
536,4,1-7,adjust,-0.03714798547954319,-0.0007646393129147843,0.0011990344235132914
536,5,1-7,adjust,-0.07777644382496772,0.0004903161521455498,0.00036333685859903455
536,6,1-7,adjust,-0.027834717139403033,-0.0008963344081085497,0.0008751732501860993
536,9,1-8,adjust,0.02124174063584838,-8.546817007668042e-05,0.0005305928111271265
537,2,1-4,adjust,-0.00907000723331687,0.0009632922952376752,0.0001289597378439906
537,3,1-4,adjust,-0.003920241720749179,-0.00046536977509971004,0.0002507664929947384
537,6,1-5,adjust,0.008352000499467788,1.382067151979173e-06,0.000483664021929976
537,7,1-5,adjust,0.03428937807890291,-0.000631502904268206,0.0006080681997488932
537,8,1-5,adjust,-0.021988173988625948,0.0012217404136827981,0.0005968025248236588
537,9,1-5,adjust,-0.03252781207576497,-0.00024701462990302605,0.0006673378743069922
538,2,1-7,adjust,0.045946749324234766,-0.0015348724789238425,0.0014133366934258455
538,3,1-7,adjust,0.1096803887398854,-0.0005227875328688491,0.0007253648174857478
538,4,1-7,adjust,0.10472258309186247,-0.0008922304526869408,0.000792220066198618
538,5,1-7,adjust,0.15188583927621094,-1.1000386923569239e-05,0.0016508696750396842
538,6,1-7,adjust,0.06119969228739734,0.0013059576811982215,0.0011649216670001176
538,9,1-8,adjust,0.040107857488056,0.0013552528329205163,4.821910415981087e-05
539,2,1-4,adjust,0.026629635897874444,-0.0003605771794194218,0.0007324711523883828
539,3,1-4,adjust,0.002191951853255043,-0.00022562641643444564,0.00010049891135471462
539,6,1-5,adjust,0.09130454868523204,-0.0009198609081280509,0.0005693673650738166
539,7,1-5,adjust,0.06011049442175808,0.0012793015365874457,0.001273064964266117
539,8,1-5,adjust,0.020011739135489325,-0.0006744177804712558,0.00047951547515176344
539,9,1-5,adjust,0.014404625645590346,-0.00048287958733450863,0.001155402297943013
540,2,1-7,adjust,-0.12619921643302548,0.002463039214573654,0.001216895753142129
540,3,1-7,adjust,-0.1389591593130413,0.001478633819693674,0.000290020910528831
540,4,1-7,adjust,-0.05899340012023083,0.000818502939737777,0.00020083024250875913
540,5,1-7,adjust,-0.08318395742717602,6.430692370632793e-05,3.324727073022394e-05
540,6,1-7,adjust,-0.09148723700034495,-9.368120159513514e-05,0.0001221521347567946
540,9,1-8,adjust,-0.022337214257217616,0.0003103750602260254,0.0013843402494671335
541,2,1-4,adjust,0.06636682846545532,-0.0014155890064328441,0.0008440250278411559
541,3,1-4,adjust,0.06339951871205833,-3.286510532151044e-05,0.0002997821945253106
541,6,1-5,adjust,-0.01497412178874488,0.00016912128968752895,0.0003388394871709661
541,7,1-5,adjust,-0.05279266855118013,-0.0009249709274123874,8.405191355089159e-05
541,8,1-5,adjust,0.03715533199630449,0.0007694554276777711,0.00023960327959008035
541,9,1-5,adjust,0.030111517461753987,0.00022794541880768294,0.0005185748290550307
542,2,1-7,adjust,-0.020111142245357115,0.00044354321827565094,0.0012019679844687146
542,3,1-7,adjust,0.001922170787302562,-0.0011356660914241365,0.0010365659464612793
542,4,1-7,adjust,0.02391926685973731,0.0002416928420095325,0.0005835436382999379
542,5,1-7,adjust,-0.03657558236817775,-0.0004561382179327517,0.0004044252901230582
542,6,1-7,adjust,0.013088242939876286,-8.847228588949014e-05,0.0006422231937143574
542,9,1-8,adjust,0.002938505348905192,0.0002594267801357581,0.001424272997414573
543,2,1-4,adjust,0.02698069080466742,-0.00020080592287864495,0.00013137031579700314
543,3,1-4,adjust,-0.016867695442745807,0.0005799346128877724,0.0005007371298767952
543,6,1-5,adjust,-0.05572021818904216,0.0007852825770958877,0.0007651519423708265
543,7,1-5,adjust,-0.05393303273907714,0.0006295266843395249,0.00011240749605626607
543,8,1-5,adjust,-0.07304309629912387,-0.0010825667498336993,0.0006014307061672702
543,9,1-5,adjust,-0.05915420707144666,-0.0010602555354064745,0.0006429764925852045
544,2,1-7,adjust,-0.04568598200846543,0.0006687748496485876,0.0009854587505713952
544,3,1-7,adjust,-0.07788744827776858,0.0017147389755944283,0.00101654552919937
544,4,1-7,adjust,-0.14180056487814205,-0.0005397528617358982,0.0008360095099286067
544,5,1-7,adjust,-0.06410797924988659,0.00015134568301102745,0.0006644432275029041
544,6,1-7,adjust,-0.02972841167317585,9.782554742058698e-05,0.0010162809852729284
544,9,1-8,adjust,-0.0007914771379309616,-0.0005590750482036299,0.0006957748060530656
545,2,1-4,adjust,0.03165206097559388,-0.00047423881916778654,0.000475571325659655
545,3,1-4,adjust,0.0408701251035295,-0.0007934353431564948,0.0011547323667610646
545,6,1-5,adjust,-0.03825198983141355,-0.0009195446270899686,0.0008778669376878732
545,7,1-5,adjust,-0.06004907663725547,-0.0007769433427937654,0.00044798851019466334
545,8,1-5,adjust,0.012404693506858116,7.797723585373276e-05,0.0003555645810056975
545,9,1-5,adjust,0.010139368619148896,0.0003164164822402631,0.00022009955519776688
546,2,1-7,adjust,0.037458963026636836,-0.0006508253433288647,1.8500049706566566e-05
546,3,1-7,adjust,0.07738891419821436,-0.0010393165955380802,0.0005819516995762515
546,4,1-7,adjust,0.0679895185240341,-2.318074369249517e-05,0.0003485264253190805
546,5,1-7,adjust,-0.07635783753822292,-0.0006353195797101704,0.0004567711452457849
546,6,1-7,adjust,0.005097973257610539,-0.0001065947045165078,0.0007631540977440788
546,9,1-8,adjust,-0.00037132699089539997,-0.0011935923089184469,0.0003104957898576737
547,2,1-4,adjust,-0.036446270978372816,0.0013394424988553326,0.00036762298824149565
547,3,1-4,adjust,-0.05979929532349136,0.0005792061348179412,0.0003842513443398027
547,6,1-5,adjust,-0.09861335774403199,4.495818268791284e-05,0.000784505340746624
547,7,1-5,adjust,-0.07064624868530799,-0.00012191579129315704,0.001092454331592883
547,8,1-5,adjust,-0.06175828865708647,-0.0009879778541535102,0.0010370091860209295
547,9,1-5,adjust,-0.015826992187818453,0.0002536789045517366,0.0005521513519222003
548,2,1-7,adjust,0.019570301203201558,-0.0017891414702069328,0.0005457031047747549
548,3,1-7,adjust,-0.004508985064230501,0.00025098683679341177,0.001418867423464631
548,4,1-7,adjust,-0.020619590090184742,0.00018748791353588912,0.0008026176119562546
548,5,1-7,adjust,0.027461050086949105,7.063903707142278e-05,0.0010757103357104652
548,6,1-7,adjust,0.033631418829231784,0.001176283483435216,0.0019883085209587677
548,9,1-8,adjust,-0.03438924954575925,-0.0009923309369505432,4.81389045941631e-05
549,2,1-4,adjust,-0.056869767533345744,0.0017753750853693366,0.0006739565541252194
549,3,1-4,adjust,-0.004231060882169112,-0.0007617028429685391,0.000835234457431351
549,6,1-5,adjust,0.02480195337973428,-0.001868437934525047,0.0010322384967867543
549,7,1-5,adjust,0.020269390222910508,-0.0008069274517138543,0.0016019321212723556
549,8,1-5,adjust,-0.02996842344893192,0.0008057600885491756,0.0009541032976742072
549,9,1-5,adjust,0.03515570151391441,0.0009920329454807934,0.000905331299414223
550,2,1-7,adjust,0.14106231992699014,-0.0027371510493490194,0.0005781455673335639
550,3,1-7,adjust,0.14947107805526083,-0.0012512077801539656,0.00035307412152791906
550,4,1-7,adjust,0.07959938652210947,-0.0007389076526136986,0.00010986443622308809
550,5,1-7,adjust,0.057851670229616764,0.0005495295970732579,0.0005413965826838362
550,6,1-7,adjust,0.005274611288663871,0.0003124829782820823,0.00027647568392909677
550,9,1-8,adjust,-0.023296595773529123,2.2087698618550445e-05,0.0006988582689543481
551,2,1-4,adjust,-0.0673774096269991,0.0009557878484695789,0.0008778009259131591
551,3,1-4,adjust,-0.06503401887559941,0.0008103328813141796,0.0005976774239651332
551,6,1-5,adjust,0.06169203692024597,0.0004127760459502405,0.0005866216242775154
551,7,1-5,adjust,0.12048562431772863,0.0003122736641234804,0.00023247282285532943
551,8,1-5,adjust,0.05729375917807675,-1.2876471766670964e-05,0.0002460607929184636
551,9,1-5,adjust,0.06860164208177696,0.0007698806628298948,0.0004308133335471848
552,2,1-7,adjust,-0.013071401373620435,-0.00021904489900563022,0.00027037636247029067
552,3,1-7,adjust,-0.006719963297675855,-0.00023607565830056183,3.905260556719193e-05
552,4,1-7,adjust,0.044561154356889586,0.00040205048998238733,1.6412859715408808e-06
552,5,1-7,adjust,0.1345137150861361,0.00016672843017436195,0.0005567446272596996
552,6,1-7,adjust,0.07116888146698021,0.000534055954839881,0.00019051292256724617
552,9,1-8,adjust,-0.033544411176840476,-0.00023129976968652263,0.0003665804517242862
553,2,1-4,adjust,0.00868418869468543,0.000135247585090626,0.0001589357510928251
553,3,1-4,adjust,0.0067383220031080925,0.0006828547529208012,0.0004082422336533716
553,6,1-5,adjust,0.06374161849334098,-0.0009456917311341399,0.00012682997450110596
553,7,1-5,adjust,0.04924349434288764,0.0013965393534757253,0.00041603780049466384
553,8,1-5,adjust,0.052132795145265635,0.0006526052747575435,0.0001245833392050019
553,9,1-5,adjust,0.014671310312834557,0.0009914284562680493,0.0005021631849393304
554,2,1-7,adjust,-0.01885055558573566,0.0010342285859812426,0.00030527264387940686
554,3,1-7,adjust,-0.08609832768753757,0.0007437032828791003,0.0003366074722710575
554,4,1-7,adjust,-0.10142644835822247,-0.0007008955033352668,0.000594473366574643
554,5,1-7,adjust,-0.1406720873545113,-0.00048679658189263017,0.000430618193037401
554,6,1-7,adjust,-0.05611374159756417,0.001069414568687983,2.805219664417294e-05
554,9,1-8,adjust,0.014177114137136931,3.4692222296829245e-05,0.0003604979526507346
555,2,1-4,adjust,0.008414106254425369,-0.0004221698815073735,0.0005958394523039517
555,3,1-4,adjust,0.04439758217489433,-0.0001434653664014322,0.0007535982426691002
555,6,1-5,adjust,-0.1301106819495424,-0.00040416946662394495,5.409949946575179e-05
555,7,1-5,adjust,-0.06279710365676056,-0.0006276472062553988,0.0009493467246711782
555,8,1-5,adjust,-0.039403330304834255,-0.0009549569984858855,0.00044282816783983717
555,9,1-5,adjust,-0.042448698622083475,-0.0010290285211324863,0.0007466602018842271
556,2,1-7,adjust,0.036812093788545,-0.0004009324768613846,0.001109916948703072
556,3,1-7,adjust,0.017563167384885645,-0.0002940747940616966,0.0012196600242027282
556,4,1-7,adjust,0.018605029918926378,0.0008376155503422678,0.0005690615859383972
556,5,1-7,adjust,0.05547116531896172,0.0005487922421830005,0.0006609940252153687
556,6,1-7,adjust,0.0535049331375138,6.894960665612511e-05,0.0009174715884148217
556,9,1-8,adjust,0.0025906374340492863,-0.0008804140119946452,0.0012945178803948243
557,2,1-4,adjust,-0.0399245201666497,-0.00039278778045732867,0.0002042790316842175
557,3,1-4,adjust,-0.027669322465520205,0.000364382079167432,0.0003679326880769323
557,6,1-5,adjust,0.015282576788408688,0.00056244340752685,0.0008812145600139682
557,7,1-5,adjust,0.0063488061092268734,-0.0008231595171230319,0.0004683682917892701
557,8,1-5,adjust,0.022327190710069875,0.0014615573835770367,0.000499771020861867
557,9,1-5,adjust,0.05323877554315395,0.0020308715936419443,0.00015435891600672718
558,2,1-7,adjust,0.013056833333275734,0.00029143238175717334,0.0009401298665389187
558,3,1-7,adjust,0.09465019116946916,-0.0012605445959725258,0.0012370888193152442
558,4,1-7,adjust,0.07152836933205567,0.00017632199450570208,0.0014824445954084663
558,5,1-7,adjust,0.04447795162556519,-0.0010573979176239047,0.0013177558875318463
558,6,1-7,adjust,0.04396205696029566,-0.0007535364349849828,0.0015246281208014358
558,9,1-8,adjust,-0.008636755551396862,-0.00041853043633104645,0.00042464327495850035
559,2,1-4,adjust,-0.014450382552401596,-0.00029390914510568536,9.937093969884655e-05
559,3,1-4,adjust,-0.04456145910474363,0.0014106324020545214,0.0009706252115395403
559,6,1-5,adjust,-0.012687289806237394,-1.5391234971997235e-05,0.0003661481374709051
559,7,1-5,adjust,-0.02779534937400555,0.000722915557915901,0.0007006009955114105
559,8,1-5,adjust,-0.06273496605016816,-0.0011606270375445701,0.0003331837073368143
559,9,1-5,adjust,-0.05695011201060181,-0.0007677409922546489,0.001501636455748191
560,2,1-7,adjust,0.019552015030602443,0.0005271830404804526,1.7255294992871164e-05
560,3,1-7,adjust,-0.04319836336001591,-0.0009968214529395493,0.000840741066511318
560,4,1-7,adjust,-0.11365588591531889,9.903692077416482e-05,0.0001663039914363696
560,5,1-7,adjust,-0.05012901996124254,0.0008636991194217717,0.0010115899094635806
560,6,1-7,adjust,-0.06208757917043694,5.1836209986531496e-05,9.969744489961935e-05
560,9,1-8,adjust,0.014587084848302869,0.00023213905283163408,0.0005356036410114816
