slot,receiver_id,transmitters,angle_0_rad,angle_1_rad,angle_2_rad,angle_3_rad,angle_4_rad,angle_5_rad
1,4,0-1-2-3,0.5116286301664975,0.8343917055336777,1.3152525659582543,0.3227630753671805,0.803623935791757,0.4808608604245765
1,5,0-1-2-3,0.1775484615125849,0.525693170700692,0.9554941507230457,0.3481447091881078,0.7779456892104615,0.4298009800223535
1,6,0-1-2-3,0.16422378773074356,0.16391607755236626,0.5257804371632917,0.3281398652831116,0.6900042248940363,0.3618643596109245
1,7,0-1-2-3,0.5101089890173605,0.16820026749330033,0.1814832048929182,0.3419087215240608,0.6915921939102793,0.3496834723862188
1,8,0-1-2-3,0.8862218167026121,0.5242096408364972,0.18591446018965915,0.36201217586611534,0.7003073565129524,0.3382951806468381
1,9,0-1-2-3,1.06873020324995,0.7946993963764577,0.5242096408364968,0.2740308068734929,0.5445205624134534,0.27048975553996074
2,3,0-1-2-4,0.8037257068066666,1.0401414529277548,1.216694953205137,0.2364157461210884,2.0204206600118035,2.256836406132892
2,5,0-1-2-4,0.1781724615671857,0.5162123266010465,1.2949109904228904,0.3380398650338603,1.1167385288557046,0.7786986638218438
2,6,0-1-2-4,0.16910582711156916,0.160794622716749,0.8444246929968495,0.32990044982831757,1.013530520108419,0.6836300702801014
2,7,0-1-2-4,0.5167010448044678,0.1730862436274933,0.5140351232679332,0.34361480117697496,1.0307361680724003,0.6871213668954255
2,8,0-1-2-4,0.8793268395695444,0.5181042364664856,0.16798118814289978,0.3612226031030585,1.0473080277124431,0.6860854246093843
2,9,0-1-2-4,1.1182101917015952,0.8061609220002435,0.18166172677582154,0.3120492697013516,0.9365484649257739,0.6244991952244225
3,3,0-1-2-5,0.8356813401632639,1.086319465873069,0.8459696621753177,0.25063812570980515,1.6816510023385818,1.9322891280483867
3,4,0-1-2-5,0.5144876581024851,0.8216040060956777,1.155711539251589,0.3071163479931931,1.670199197354074,1.9773155453472668
3,6,0-1-2-5,0.1717111408421316,0.16224797192604132,1.176334297788092,0.33395911276817125,1.3480454386302227,1.0140863258620514
3,7,0-1-2-5,0.5201156565752538,0.17368442555971716,0.8781666404243861,0.346431231015535,1.3982822969996398,1.0518510659841047
3,8,0-1-2-5,0.8759254692542983,0.5148030985328345,0.5450399145262018,0.3611223707214635,1.4209653837805003,1.0598430130590362
3,9,0-1-2-5,1.1651799848791669,0.8227093801156842,0.19290474956839598,0.3424706047634821,1.358084734447563,1.0156141296840804
4,3,0-1-2-6,0.8743409215593317,1.1555317674097492,0.4955997344724024,0.28119084585041754,1.3699406560317342,1.6511315018821515
4,4,0-1-2-6,0.531258975093756,0.8464526188014799,0.838078164235944,0.3151936437077234,1.3693371393297002,1.684530783037424
4,5,0-1-2-6,0.17639908488047584,0.5093081170799589,1.223748710620964,0.3329090321994842,1.400147795501438,1.7330568277009228
4,7,0-1-2-6,0.5218220158935939,0.17560110749165103,1.2710098784996453,0.3462209084019422,1.792831894393239,1.4466109859912968
4,8,0-1-2-6,0.8742547666759867,0.5172937038092167,0.9193122674488922,0.3569610628667703,1.7935670341248786,1.4366059712581083
4,9,0-1-2-6,1.1927434281326228,0.8406237290348686,0.5556366021629999,0.3521196990977544,1.7483800302956225,1.3962603311978685
5,3,0-1-2-7,0.8856231233991583,1.1918411891741958,0.142155983109157,0.3062180657750378,1.027779106508317,1.3339971722833546
5,4,0-1-2-7,0.5367153960236276,0.8600190514704383,0.48555800115093495,0.32330365544681144,1.0222733971745623,1.345577052621373
5,5,0-1-2-7,0.1826865253617227,0.5161514755545981,0.8424511076009195,0.3334649501928741,1.0251376329626432,1.358602583155518
5,6,0-1-2-7,0.17307732661512362,0.16363495734355138,1.1825560185673423,0.33671228395867536,1.009478691952219,1.346190975910894
5,8,0-1-2-7,0.8730651644057486,0.5221092561355737,1.2574348255180534,0.3509559082701752,2.130499989923802,1.7795440816536268
5,9,0-1-2-7,1.2062768771249672,0.8551414849568164,0.896412831516164,0.35113539216815093,2.102689708641131,1.7515543164729799
6,3,0-1-2-8,0.8832575816838277,1.2077521324894345,0.2006797309623335,0.3244945508056064,0.6825778507214929,1.0070724015270998
6,4,0-1-2-8,0.534189904597832,0.8669864268030396,0.14515095993546376,0.3327965222052073,0.6793408645332972,1.0121373867385048
6,5,0-1-2-8,0.18220027805547132,0.5199589492225085,0.4963783591805507,0.3377586711670369,0.6785786372360221,1.0163373084030594
6,6,0-1-2-8,0.1705966868461212,0.16892040357491278,0.8439158706104274,0.3395170904210342,0.6733191837643051,1.0128362741853392
6,7,0-1-2-8,0.5226226645555654,0.17907384389725287,1.195647494006508,0.3435488206583112,0.6730248294509424,1.0165736501092542
6,9,0-1-2-8,1.2130831216041094,0.8639184327564177,1.2343458039435715,0.34916468884769164,2.4474289255476807,2.0982642366999893
7,3,0-1-2-9,0.8772606425619001,1.214019962807153,0.5472977584517709,0.3367593202452531,0.32996288411012936,0.6667222043553822
7,4,0-1-2-9,0.528906202694906,0.8700269808685588,0.1989948413949564,0.34112077817365266,0.32991136129994936,0.6710321394736024
7,5,0-1-2-9,0.17862480571625095,0.5219380037871507,0.15157700311991226,0.34331319807089966,0.33020180883616307,0.6735150069070629
7,6,0-1-2-9,0.17218629706806035,0.1717086277943017,0.5017964089901569,0.3438949248623625,0.3296101119220954,0.6735050367844583
7,7,0-1-2-9,0.5227263190620809,0.17688454962565062,0.8534691698866905,0.3458417694364293,0.33074285082460947,0.676584620261039
7,8,0-1-2-9,0.8726491540544802,0.524439731899567,1.206579908192762,0.3482094221549134,0.3339307541382818,0.6821401762931953
8,2,0-1-3-4,1.248527870864408,1.1852822566395202,0.8507757098149182,2.4338101275039286,2.0993035806793263,0.3345065468246022
8,5,0-1-3-4,0.1726392343853045,0.8893380089413279,1.2197754259736395,0.7166987745560239,1.0471361915883357,0.3304374170323118
8,6,0-1-3-4,0.17667386395099485,0.5376698024049158,0.8669444593828841,0.7143436663559103,1.0436183233338787,0.32927465697796837
8,7,0-1-3-4,0.5258436451613303,0.18809897754076593,0.5180955467112424,0.7139426227020962,1.0439391918725722,0.32999656917047643
8,8,0-1-3-4,0.8745578787696497,0.16077596191920393,0.16984342138897485,0.7137819168504475,1.0444013001586248,0.33061938330817764
8,9,0-1-3-4,1.2169343063478513,0.5070219662708882,0.17642962627379058,0.7099123400769631,1.0405046800740618,0.33059233999709897
9,2,0-1-3-5,1.2334766786207672,1.202989070288242,0.5344614823599935,2.436465748909009,1.7679381609807612,0.6685275879282481
9,4,0-1-3-5,0.5214588229577812,1.2391272147030785,1.2409539222832648,0.7176683917452971,1.7624127452410463,2.4800811369863434
9,6,0-1-3-5,0.17559656778949057,0.539762248271735,1.1999985935020434,0.7153588160612246,1.3755951612915331,0.6602363452303085
9,7,0-1-3-5,0.524726509876058,0.19027853315876042,0.85204829019688,0.7150050430348183,1.3767748000729376,0.6617697570381195
9,8,0-1-3-5,0.873655346951987,0.1588255976921159,0.5038138963126629,0.7148297492598713,1.3774692432646498,0.6626394940047782
9,9,0-1-3-5,1.2195632517234303,0.5066104079364369,0.1561538082746664,0.7129528437869936,1.3757170599980961,0.6627642162111027
10,2,0-1-3-6,1.2267807197819622,1.2121692025768558,0.20072965795170766,2.4389499223588182,1.42751037773367,1.0114395446251485
10,4,0-1-3-6,0.5199801265566157,1.2298602849422342,0.8929608267864954,0.7098801583856187,1.4129409533431108,2.1228211117287294
10,5,0-1-3-6,0.1736008963290677,0.8902961628674957,1.241715295547804,0.7166952665384291,1.4153161918768706,2.1320114584152994
10,7,0-1-3-6,0.5241480925786446,0.19514044200800265,1.2026873141476604,0.7192885345866473,1.726835406726305,1.0075468721396577
10,8,0-1-3-6,0.8731575849767167,0.15287150718383083,0.8537577000858182,0.7202860777928856,1.7269152850625344,1.0066292072696494
10,9,0-1-3-6,1.2209356214571927,0.5000897763559522,0.5051639109316366,0.7208458451012404,1.7260995323888295,1.005253687287589
11,2,0-1-3-7,1.2238436208316028,1.2168854959053643,0.1441547548757771,2.4407291167369674,1.0796888659558268,1.3610402507811405
11,4,0-1-3-7,0.5236393501043102,1.2246950164724562,0.5366514308288811,0.7010556663681462,1.0602907809331914,1.7613464473013374
11,5,0-1-3-7,0.16972163064159745,0.8812762827877731,0.8878365012719835,0.7115546521461749,1.0575581319135816,1.7691127840597565
11,6,0-1-3-7,0.17505895227325782,0.5431292377286084,1.2347457841315408,0.7181881900018664,1.059686831858283,1.7778750218601491
11,8,0-1-3-7,0.8728635420896118,0.148613005058943,1.2087999512979621,0.7242505370306694,2.081663493387574,1.3574129563569046
11,9,0-1-3-7,1.2212583236041574,0.4941662811698593,0.8598758471213546,0.727092042434298,2.081134170725512,1.3540421282912138
12,2,0-1-3-8,1.2225811943255305,1.2192890903256468,0.4948445617682769,2.4418702846511775,0.7277366325572538,1.7141336520939237
12,4,0-1-3-8,0.5273508928364542,1.2222204099833995,0.18071738634635773,0.6948695171469456,0.7080682791828111,1.4029377963297567
12,5,0-1-3-8,0.17048093511242138,0.8766627481959999,0.5334421784556517,0.7061818130835787,0.7039231135680731,1.4101049266516519
12,6,0-1-3-8,0.1809714856988383,0.5333880338706004,0.8837520763484037,0.7143595195694378,0.7027805906495667,1.417140110219004
12,7,0-1-3-8,0.5238636347213667,0.1975978589544906,1.2294025272482565,0.7214614936758579,0.7055388925268897,1.4270003862027474
12,9,0-1-3-8,1.2213798150224195,0.4907187579054161,1.214096002825152,0.7306610571170039,2.4354758178475717,1.704814760730568
13,2,0-1-3-9,1.2220533741246915,1.2205060912202415,0.8497068578852986,2.442559465344933,0.37234651623939263,2.07021294910554
13,4,0-1-3-9,0.5295862340909719,1.2214287674763105,0.17278004478863587,0.6918425333853386,0.35680618930233654,1.0486487226876748
13,5,0-1-3-9,0.1724417513190529,0.8743574569142214,0.1811022201567207,0.7019157055951686,0.3535439714757734,1.055459677070942
13,6,0-1-3-9,0.18136103209147347,0.5284487133737296,0.533321435321242,0.7098097454652028,0.35196040322976885,1.0617701486949718
13,7,0-1-3-9,0.5311446783245782,0.18621822248144673,0.8827643197971219,0.7173629008060255,0.35161964147254327,1.068982542278569
13,8,0-1-3-9,0.8727415566735424,0.14683531308705278,1.2268627395536615,0.7259062435864898,0.35412118288011984,1.0800274264666092
14,2,0-1-4-5,1.2218411382703338,0.9125107880192304,0.5640796417727165,2.134351926289564,1.7859207800430499,0.3484311462465136
14,3,0-1-4-5,0.8687170847424557,1.270994030059828,0.9172339467217197,2.1397111148022834,1.7859510314641753,0.3537600833381078
14,6,0-1-4-5,0.1790377928028146,0.8469017095091806,1.2000706844170743,1.0259395023119955,1.3791084772198894,0.3531689749078939
14,7,0-1-4-5,0.5308455954700082,0.5009198945510521,0.8534532837881784,1.0317654900210598,1.384298879258186,0.3525333892371267
14,8,0-1-4-5,0.8793754139226518,0.1591143768473981,0.510774794100067,1.0384897907700497,1.3901502080227186,0.35166041725266906
14,9,0-1-4-5,1.221501395802293,0.1715147042890412,0.1789579372669356,1.049986691513252,1.4004593330692283,0.3504726415559759
15,2,0-1-4-6,1.2225717722734295,0.8924428008555763,0.19168367780861942,2.115014573129006,1.4142554500820488,0.700759123046957
15,3,0-1-4-6,0.8708659394752069,1.2454820718033879,0.5429941838727634,2.1163480112785953,1.4138601233479706,0.7024878879306242
15,5,0-1-4-6,0.17464449216673253,1.194431271945244,1.2257730512204996,1.0197867797785112,1.4004175433872323,2.420204323165744
15,7,0-1-4-6,0.5272467472230902,0.5083633651231884,1.218947712291045,1.035610112346279,1.7461944595141357,0.7105843471678566
15,8,0-1-4-6,0.8760438190468045,0.1647843567075371,0.8727492380248622,1.0408281757543416,1.7487930570716668,0.7079648813173252
15,9,0-1-4-6,1.2216282946542227,0.17345493318744812,0.5318556925368256,1.0481733614667759,1.7534839871910484,0.7053106257242729
16,2,0-1-4-7,1.222444755874836,0.882536546629326,0.1691115916811513,2.104981302504162,1.0533331641936847,1.0516481383104774
16,3,0-1-4-7,0.8718349293436496,1.2333150884733586,0.1819108516158869,2.1051500178170084,1.0537457809595374,1.051404236857471
16,5,0-1-4-7,0.18315224867835592,1.2078372511767275,0.8653937036988394,1.0246850024983731,1.0485459523771936,2.0732309548755663
16,6,0-1-4-7,0.17679571953942425,0.8530824192234445,1.2204020576445562,1.029878138762868,1.0436063381051326,2.0734844768680007
16,8,0-1-4-7,0.8743577653168566,0.16547507700114436,1.2257746793724766,1.0398328423180008,2.1001324446893332,1.0602996023713327
16,9,0-1-4-7,1.2216249910444605,0.17660609614336956,0.8805864865270162,1.0450188949010923,2.1022114775714766,1.0571925826703845
17,2,0-1-4-8,1.2222075740422045,0.8776051083484655,0.5243607030886279,2.0998126823906698,0.6978468709535766,1.4019658114370932
17,3,0-1-4-8,0.8722799509166096,1.227411695164566,0.17360764461460895,2.0996916460811756,0.6986723063020014,1.401019339779174
17,5,0-1-4-8,0.18320789035050686,1.2149923301107255,0.5142165084655059,1.0317844397602185,0.697424398816013,1.7292088385762314
17,6,0-1-4-8,0.17049294326126196,0.8627653723387386,0.8658530726911345,1.0332583156000001,0.6953601294298732,1.728618445029873
17,7,0-1-4-8,0.5254333448179871,0.5100096414441444,1.2184978953039953,1.0354429862621315,0.6930645504860085,1.72850753674814
17,9,0-1-4-8,1.2215964733797229,0.17915594305842483,1.228230903743789,1.0424405303212982,2.449827377123512,1.4073868468022137
18,2,0-1-4-9,1.2220220895492269,0.8751401991004754,0.8772706926394519,2.0971622886497023,0.34475139690977513,1.752410891739927
18,3,0-1-4-9,0.8724861131988662,1.2245237824172066,0.5269346717449337,2.0970098956160728,0.34555144145393285,1.7514584541621399
18,5,0-1-4-9,0.1803028427716592,1.2184932075144004,0.16542910024745444,1.0381903647427413,0.3457319430191129,1.3839223077618543
18,6,0-1-4-9,0.17031517831375184,0.8677575733504573,0.5155957649350295,1.038072751664208,0.3452805866212781,1.3833533382854868
18,7,0-1-4-9,0.5214818373746698,0.5167464364401354,0.8661741213797917,1.0382282738148052,0.3446922840051217,1.3829205578199273
18,8,0-1-4-9,0.8735088003286312,0.16533217594668412,1.2172678770989782,1.038840976275317,0.3437590767703473,1.3826000530456641
19,2,0-1-5-6,1.221901106731075,0.526488866254322,0.1821188348651615,1.7483899729853967,1.404019941596236,0.34437003138916117
19,3,0-1-5-6,0.8725819110259808,0.8762551913706768,0.5321657192948784,1.7488371023966574,1.4047476303208593,0.3440894720757983
19,4,0-1-5-6,0.5303548106773311,1.2198230366469207,0.8756104398748688,1.750177847324252,1.4059652505521998,0.3442125967720522
19,7,0-1-5-6,0.5223988323117783,0.867365258135263,1.2116008772233648,1.389764090447041,1.733999709535143,0.3442356190881024
19,8,0-1-5-6,0.8720554546107435,0.5171519552486884,0.8614913901621332,1.3892074098594318,1.7335468447728763,0.3443394349134443
19,9,0-1-5-6,1.2216054423535816,0.16671045629007816,0.5111642979893583,1.3883158986436608,1.7327697403429396,0.3444538416992792
20,2,0-1-5-7,1.2218411352206715,0.5250502123619019,0.16714985799287602,1.7468913475825734,1.0546912772277957,0.6922000703547779
20,3,0-1-5-7,0.8726334975612894,0.8744514185006161,0.18254679791539233,1.7470849160619057,1.0551802954766818,0.6919046205852237
20,4,0-1-5-7,0.52694760034449,1.220704621938467,0.5288115375133828,1.7476522222829571,1.0557591378578732,0.6918930844250843
20,6,0-1-5-7,0.17287833052546459,1.2174413756846802,1.2268533619230748,1.3903197062101453,1.0539750313976097,2.444294737607755
20,8,0-1-5-7,0.8723392172035602,0.5212318496281053,1.2148012245849156,1.3935710668316652,2.087140441788476,0.6935693749568106
20,9,0-1-5-7,1.2216065486422898,0.17215938224486524,0.8651235553856931,1.3937659308871553,2.086730104027983,0.6929641731408277
21,2,0-1-5-8,1.2217976330453693,0.5243278902376246,0.5164872635954704,1.746125523282994,0.7053103694498993,1.0408151538330948
21,3,0-1-5-8,0.8726539105539658,0.8735543278381912,0.16724773008185304,1.7462082383921569,0.7054061804721126,1.0408020579200443
21,4,0-1-5-8,0.5252594743001715,1.2211781401752853,0.18023526903264978,1.7464376144754568,0.7054947433328213,1.0409428711426356
21,6,0-1-5-8,0.1705021713953732,1.219530961557745,0.8742128558600345,1.3900331329531186,0.7037106844646607,2.0937438174177796
21,7,0-1-5-8,0.5229987547067216,0.8698074648771307,1.2255439417087652,1.392806219583852,0.702545187002044,2.095351406585896
21,9,0-1-5-8,1.2216176146422753,0.1749430296531409,1.2170526872735525,1.3965606442954162,2.438670301915828,1.0421096576204116
22,2,0-1-5-9,1.2217697768500888,0.5239650776577457,0.8659203934154515,1.7457348545078346,0.3558493834346373,1.389885471073197
22,3,0-1-5-9,0.8726616187085922,0.8731077536560442,0.5172135297666743,1.7457693723646361,0.35544808894191826,1.3903212834227183
22,4,0-1-5-9,0.5244224939262622,1.2214341040245953,0.16923624602923934,1.7458565979508576,0.3551862478970234,1.3906703500538344
22,6,0-1-5-9,0.16963840389635423,1.2206201184701861,0.523545566379772,1.3902585223665402,0.353907162483418,1.744165684849958
22,7,0-1-5-9,0.5213501887100774,0.8712172344308671,0.8744579900042808,1.3925674231409444,0.35310780129420316,1.7456752244351479
22,8,0-1-5-9,0.8724943552077747,0.5227047956414258,1.2251112599876728,1.3951991508492003,0.35261690477989865,1.7478160556290985
23,2,0-1-6-7,1.2217529513663639,0.1830057291268974,0.16576610060839156,1.4047586804932626,1.0559868507579717,0.34877182973529053
23,3,0-1-6-7,0.8726642751489507,0.5328260495492017,0.184054910266024,1.4054903246981527,1.0567191854149751,0.3487711392831779
23,4,0-1-6-7,0.5240073814523474,0.8826045168659723,0.5335427870736892,1.4066118983183191,1.0575501685260364,0.3490617297922831
23,5,0-1-6-7,0.17644445025268143,1.2329558748051912,0.8823483352771382,1.4094003250578733,1.0587927855298203,0.35060753952805285
23,8,0-1-6-7,0.8713864178073435,0.8658397934386811,1.2160863595693783,1.7372262112460246,2.0874727773767217,0.3502465661306972
23,9,0-1-6-7,1.221649045577547,0.5185314588495161,0.8684111821706703,1.7401805044270628,2.090060227748217,0.349879723321154
24,2,0-1-6-8,1.221686094601625,0.17879161997776574,0.5185725872187636,1.4004777145793905,0.7031135073828615,0.6973642071965289
24,3,0-1-6-8,0.8726630407536556,0.5282168306982019,0.1690142327522602,1.4008798714518576,0.7036488080013952,0.6972310634504626
24,4,0-1-6-8,0.5238042737940537,0.8775849341271328,0.18026832539593926,1.4013892079211865,0.7040725991899927,0.6973166087311937
24,5,0-1-6-8,0.17548344911997676,1.2271618352398344,0.5290591328535389,1.4026452843598132,0.7045425819735176,0.6981027023862952
24,7,0-1-6-8,0.5204948970057893,1.214767487124338,1.2222877701503878,1.7352623841301271,0.701792873144599,2.437055257274726
24,9,0-1-6-8,1.2216446873041984,0.5203174519158326,1.2198990072746054,1.741962139220031,2.441543694578804,0.6995815553587732
25,2,0-1-6-9,1.2216689740455138,0.17667513159031206,0.86656855597196,1.3983441056358252,0.35510041807355364,1.0432436875622715
25,3,0-1-6-9,0.8726602309258907,0.5259138383445952,0.5173443334786153,1.398574069270486,0.35531589744727493,1.0432581718232106
25,4,0-1-6-9,0.5237019196278101,0.8751054412089826,0.16827297878451228,1.3988073608367924,0.35542894084329824,1.0433784199934943
25,5,0-1-6-9,0.17500611411971015,1.2243584829858822,0.18051746085500522,1.3993645971055908,0.35552357497471404,1.0438410221308771
25,7,0-1-6-9,0.5189213743085601,1.218250375891257,0.8734106440721665,1.737171750199817,0.3544892697636068,2.091661019963424
25,8,0-1-6-9,0.8720203137469318,0.8672980950260685,1.2253717860207827,1.7393184087730003,0.3533514722738513,2.0926698810468514
26,2,0-1-7-8,1.2216771734009313,0.1694346451456901,0.5184021230151176,1.0522425282552421,0.7032750503858137,0.3489674778694281
26,3,0-1-7-8,0.8726598828358269,0.18032294392873177,0.1685435433332333,1.0529828267645596,0.7041163395025946,0.34886648726196495
26,4,0-1-7-8,0.5236504948047901,0.5301137573310446,0.18116477178806362,1.0537642521358344,0.7048152665928531,0.3489489855429817
26,5,0-1-7-8,0.17476861596751198,0.8801830155400417,0.5308335683337657,1.0549516315075536,0.7056021843012775,0.34934944720627564
26,6,0-1-7-8,0.16959364160636312,1.22710606684632,0.8762242675798486,1.057512425239956,0.7066306259734842,0.350881799266472
26,9,0-1-7-8,1.2216740582753496,0.8673895081617762,1.217807827182813,2.089063566437126,2.439481885458163,0.35041831902103715
27,2,0-1-7-9,1.2215879518279078,0.1719649108791717,0.8672634998330222,1.049623040948737,0.3543244519948866,0.6952985889538513
27,3,0-1-7-9,0.872633850004934,0.17744606351104983,0.5178610441006244,1.0500799135159833,0.35477280590430954,0.6953071076116738
27,4,0-1-7-9,0.5236213983908627,0.5268597050419142,0.1685985008251563,1.0504811034327768,0.35502289756570626,0.6954582058670706
27,5,0-1-7-9,0.17465064016559945,0.8763788645496512,0.18057401298827852,1.0510295047152514,0.35522465315387924,0.6958048515613723
27,6,0-1-7-9,0.17207234023543422,1.2242421334972158,0.5274861899031528,1.0521697932617824,0.35541384966771944,0.6967559435940629
27,8,0-1-7-9,0.8698347675150735,1.2166865556790074,1.2235084125850606,2.0865213231940807,0.3536736450699867,2.440194968264068
28,2,0-1-8-9,1.2215965491554388,0.5197433552845144,0.8680499818277255,0.7018531938709244,0.35354656732771356,0.34830662654321115
28,3,0-1-8-9,0.8726329043544073,0.17000083501642174,0.5185176169575416,0.7026320693379854,0.3541152873968647,0.34851678194111996
28,4,0-1-8-9,0.5236080834936008,0.17964084332579322,0.16915942178574234,0.7032489268193947,0.3544486617078594,0.34880026511153595
28,5,0-1-8-9,0.1745917918363352,0.5293217923183031,0.1801317406346919,0.7039135841546394,0.35472353247102706,0.3491900516836124
28,6,0-1-8-9,0.173305902525536,0.8781759981391983,0.5283167734812627,0.7048700956136614,0.35501087095572537,0.3498592246579352
28,7,0-1-8-9,0.5183273790378599,1.224906181323479,0.8735799408092182,0.7065788022856193,0.3552525617713588,0.351326240514261
29,4,0-1-2-3,0.5235929805692539,0.863047310861939,1.217467835918386,0.3394543302926848,0.693874855349132,0.3544205250564469
29,5,0-1-2-3,0.17456223186068015,0.5139526962429036,0.8683367634565422,0.33939046438222376,0.6937745315958624,0.35438406721363813
29,6,0-1-2-3,0.17391885491374068,0.1654042107638727,0.5197600912591693,0.3393230656776128,0.6936789461729086,0.35435588049529565
29,7,0-1-2-3,0.5209720848406624,0.18176411531586475,0.17253744359043832,0.3392079695247975,0.6935095284310991,0.3543015589063017
29,8,0-1-2-3,0.8684592679427593,0.5296575081147825,0.17556207798487833,0.33880175982797656,0.6928971899578802,0.3540954301299038
29,9,0-1-2-3,1.2216665331588104,0.8836393528101959,0.5296760309659481,0.3380271803486143,0.6919905021928617,0.35396332184424695
30,3,0-1-2-4,0.8725934202074132,1.2121108036828565,1.2154248740926619,0.33951738347544297,2.0880182943000754,2.427535677775518
30,5,0-1-2-4,0.1745476340164897,0.5147660532816611,1.2280556723424692,0.34021841926517044,1.0535080383259785,0.7132896190608085
30,6,0-1-2-4,0.17422647458128046,0.16611613215051757,0.8792807517679925,0.3403426067317997,1.053507226349274,0.7131646196174745
30,7,0-1-2-4,0.5222867288741063,0.18186738113596998,0.5311251642568455,0.3404193477381372,1.0534118931309517,0.7129925453928148
30,8,0-1-2-4,0.8705300039063333,0.5301846903284244,0.1824507526298183,0.3403453135779096,1.0529807565361509,0.712635442958242
30,9,0-1-2-4,1.2214501367319013,0.8813924784061897,0.16914510912271785,0.34005765832571216,1.0523050276091839,0.7122473692834723
31,3,0-1-2-5,0.8751720597002924,1.2168690495122796,0.8633113850494186,0.34169698981198715,1.738483444749711,2.0801804345616985
31,4,0-1-2-5,0.5235977398199503,0.8636252320908233,1.2133904449021782,0.3400274922708733,1.7369881847221285,2.0770156769930015
31,6,0-1-2-5,0.17437965834713623,0.16517441342652542,1.2301488585481137,0.3395540717736631,1.4045285168952504,1.0649744451215872
31,7,0-1-2-5,0.5229465070689048,0.1835840661390633,0.8814802261634915,0.33936244092984136,1.404426733232396,1.065064292302555
31,8,0-1-2-5,0.8716252276490664,0.532549084736864,0.5325594832213437,0.3390761429122024,1.4041847108704104,1.065108567958208
31,9,0-1-2-5,1.2216771209280002,0.8830937271059106,0.18224984831106292,0.33858339382209046,1.4039269692390635,1.0653435754169738
32,3,0-1-2-6,0.8747848734843636,1.2191577014211146,0.5168788652560489,0.3443728279367511,1.3916637387404125,1.7360365666771636
32,4,0-1-2-6,0.5267860454108059,0.868119624364485,0.8653197666101952,0.3413335789536796,1.3921058120210008,1.7334393909746801
32,5,0-1-2-6,0.1745402519689498,0.5142867639213496,1.215944620567467,0.3397465119524003,1.3904848725364167,1.7302313844888166
32,7,0-1-2-6,0.52327218684446,0.18481226645249094,1.2276891907186944,0.3384599203919686,1.7509613775631543,1.4125014571711856
32,8,0-1-2-6,0.8721495285164529,0.5344222849843698,0.8786759314429758,0.33772724353208344,1.7508254599594284,1.4130982164273453
32,9,0-1-2-6,1.2217388296091714,0.8851486726072201,0.5290185579056765,0.3365901570019521,1.750757387514848,1.4141672305128967
33,3,0-1-2-7,0.8738861474864917,1.2202806921015863,0.17113116630909012,0.3463945446150945,1.0450173137955814,1.3914118584106758
33,4,0-1-2-7,0.5275366836240389,0.8703515914377237,0.5189628334107276,0.3428149078136842,1.0464995170347666,1.3893144248484512
33,5,0-1-2-7,0.17831698426828133,0.5189463322515087,0.8678493196824699,0.3406293479832274,1.0461663039507514,1.3867956519339784
33,6,0-1-2-7,0.1744561416404064,0.16461585496591027,1.2189497693809752,0.3390719966063185,1.0444936277405679,1.3835656243468863
33,8,0-1-2-7,0.872406366230948,0.5353761371523091,1.2245690904540985,0.33703022907863894,2.0969754566850463,1.7599452276064076
33,9,0-1-2-7,1.22173782396106,0.8864051907237251,0.875235703107858,0.33533263323733464,2.0969735270689176,1.7616408938315833
34,3,0-1-2-8,0.873316992636179,1.2208969629694253,0.1758186162835592,0.347579970333246,0.6974983763526195,1.0450783466858657
34,4,0-1-2-8,0.5274915253303475,0.8714661272145307,0.1717022626869893,0.3439746018841829,0.6991937880173376,1.0431683899015203
34,5,0-1-2-8,0.17959192777696942,0.5212709419448517,0.5198943803754565,0.34167901416788216,0.699486308152425,1.041165322320308
34,6,0-1-2-8,0.17022367922580314,0.16959356770947048,0.8691420441557974,0.33981724693527354,0.6989183649299945,1.038735611865268
34,7,0-1-2-8,0.523435113707061,0.18530691679241235,1.2207552407495599,0.33812819691464796,0.6973201270424989,1.0354483239571466
34,9,0-1-2-8,1.2217343195967987,0.8869085185689048,1.2225370008166203,0.3348258010278936,2.4442713204134194,2.1094455193855253
35,3,0-1-2-9,0.8730922773237856,1.2212598705176423,0.5239022962789508,0.3481675931938574,0.3491899810448352,0.6973575742386916
35,4,0-1-2-9,0.5271878319026889,0.8720270305567647,0.17673677683806044,0.3448391986540756,0.3504510550646286,0.6952902537187043
35,5,0-1-2-9,0.17972255481044053,0.5224269008427932,0.1711101659262593,0.3427043460323518,0.3508327207367014,0.6935370667690532
35,6,0-1-2-9,0.1688121141999247,0.17207790540645312,0.5196030470836582,0.34089001960637877,0.3507909328837339,0.6916809524901125
35,7,0-1-2-9,0.5189006355690768,0.17988647672242117,0.8692165509247404,0.339014158846655,0.3503159153556632,0.6893300742023184
35,8,0-1-2-9,0.872535326888744,0.5357038250131007,1.2216103749039318,0.3368315018756431,0.3490750480151876,0.6859065498908313
36,2,0-1-3-4,1.2215104496893412,1.2029846543690703,0.8541832301708228,2.4244951040584115,2.0756936798601644,0.3488014241982477
36,5,0-1-3-4,0.17909240996847792,0.8843385344791852,1.2333019673052967,0.7052461245107062,1.054209557336818,0.34896343282611186
36,6,0-1-3-4,0.16907199934483394,0.5347085960162761,0.8836827046851365,0.7037805953611093,1.0527547040299698,0.3489741086688598
36,7,0-1-3-4,0.5178946804928902,0.18429878796714338,0.5333177490094286,0.7021934684600339,1.051212429502319,0.34901896104228525
36,8,0-1-3-4,0.8680460182884978,0.16781855255011596,0.18139530281654165,0.7002274657383816,1.0494413211050397,0.3492138553666583
36,9,0-1-3-4,1.2217325968261088,0.5240670171713506,0.17421304090206577,0.6976655796547584,1.0475195559240424,0.34985397626928366
37,2,0-1-3-5,1.2217000816291093,1.2122799586313753,0.5149528681575234,2.4339800402604848,1.7366529497866328,0.6973270904738519
37,4,0-1-3-5,0.526645160996844,1.2335801600519267,1.2170633498443995,0.7069349990550832,1.743708510841243,2.4506435098963264
37,6,0-1-3-5,0.17181968263332031,0.530415099598867,1.2245443542763095,0.7022347822321859,1.3963640369096282,0.6941292546774426
37,7,0-1-3-5,0.5207655929910789,0.18011842742064227,0.8748930248345134,0.7008840204117217,1.3956586178255925,0.694774597413871
37,8,0-1-3-5,0.8703695803691217,0.17096566846703734,0.5245079116253808,0.6994039119020835,1.3948774919945022,0.6954735800924188
37,9,0-1-3-5,1.2217315587565811,0.5242018221267878,0.17239717634067325,0.6975297366297939,1.3941287350972542,0.6965989984674605
38,2,0-1-3-6,1.2217383637402865,1.2169849864991065,0.17275539771760645,2.4387233502393935,1.3944937614578918,1.0442295887815014
38,4,0-1-3-6,0.5221627374021401,1.2275652659482006,0.8753250560765444,0.7054025285460607,1.397487793478684,2.102890322024745
38,5,0-1-3-6,0.17679863317009017,0.8806399645168878,1.222733103853505,0.7038413313467958,1.399531737023597,2.103373068370393
38,7,0-1-3-6,0.5221904865044631,0.17882451178142164,1.2192221407552277,0.7010149982858852,1.7414126272596908,1.0403976289738057
38,8,0-1-3-6,0.8715201281895529,0.1717168730424968,0.8695405907929749,0.6998032551470558,1.7410607189825276,1.0412574638354721
38,9,0-1-3-6,1.2217221221152819,0.5234066114223508,0.5190436968957438,0.6983155106929307,1.7407658190110258,1.042450308318095
39,2,0-1-3-7,1.2217418964594668,1.2193523966002155,0.1715922258697407,2.4410942930596824,1.0501496705897264,1.390944622469956
39,4,0-1-3-7,0.5215876189108767,1.2246739516999854,0.5289879048451114,0.7030863327891086,1.0505755237559882,1.7536618565450968
39,5,0-1-3-7,0.17397575145966235,0.8766219520001308,0.8773331997513647,0.7026462005404692,1.0513089512110265,1.7539551517514953
39,6,0-1-3-7,0.17318479269121995,0.5290340989179396,1.2254748938798947,0.7022188916091604,1.0522901011886738,1.7545089927978343
39,8,0-1-3-7,0.8720858526811472,0.17137414705207532,1.2168827854128161,0.7007117056290715,2.088968638093964,1.388256932464892
39,9,0-1-3-7,1.2216856282934883,0.5219090508117974,0.8671402927991607,0.6997765774816908,2.088825921092649,1.3890493436109579
40,2,0-1-3-8,1.2217389220640262,1.220539981933003,0.517424435309785,2.4422789039970296,0.7043144867542408,1.7379644172427884
40,4,0-1-3-8,0.5228242309730635,1.223220511569176,0.18030019713101367,0.7003962805961126,0.7031244281040768,1.403520708700189
40,5,0-1-3-8,0.17383477876855297,0.8746427311500067,0.5291936631466025,0.700807952381453,0.7030284419151561,1.403836394296609
40,6,0-1-3-8,0.17485703488834808,0.526301414434679,0.8779943561052929,0.7011584493230284,0.703137321216944,1.4042957705399723
40,7,0-1-3-8,0.5228982462688563,0.17856423545710134,1.2265296685892548,0.7014624817259572,0.7036314223203987,1.4050939040463557
40,9,0-1-3-8,1.2216459609589558,0.5203777504565843,1.2161007000920083,0.7012682105023719,2.4377466610509644,1.7364784505485926
41,2,0-1-3-9,1.2217358181643911,1.2211348073437083,0.8640837356314763,2.4428706255080996,0.35765208253291525,2.0852185429751846
41,4,0-1-3-9,0.5247558262211155,1.2224464340425403,0.16902302125418267,0.6976906078214247,0.355732804966933,1.0534234127883577
41,5,0-1-3-9,0.17501141991073652,0.873651955991615,0.18028031399676409,0.6986405360808785,0.3552917339075003,1.0539322699883795
41,6,0-1-3-9,0.17449728809796933,0.5249471761268731,0.529520805268941,0.6994444642248415,0.3550235171709732,1.0544679813958144
41,7,0-1-3-9,0.523770922654506,0.17654080033724046,0.8786703823609352,0.7003117229917463,0.35489945970642905,1.0552111826981754
41,8,0-1-3-9,0.8723681844668218,0.17095731299235975,1.227487684239006,0.7014108714744632,0.355119499772184,1.0565303712466474
42,2,0-1-4-5,1.2217336447851936,0.8775458057437308,0.5264375776678331,2.0992794505289245,1.7481712224530268,0.35110822807589853
42,3,0-1-4-5,0.873050230339479,1.2286937303375218,0.8765061083681585,2.1017439606770005,1.7495563387076374,0.3521876219693638
42,6,0-1-4-5,0.1728131897868093,0.87080277264471,1.2228708575650575,1.0436159624315184,1.3956840473518661,0.35206808492034786
42,7,0-1-4-5,0.5225728606156723,0.5220254663065333,0.8740756725872505,1.0445983269222057,1.3966485332029228,0.3520502062807174
42,8,0-1-4-5,0.8723093209343138,0.1736757974803994,0.5256870735889775,1.0459851184147133,1.3979963945232912,0.35201127610857774
42,9,0-1-4-5,1.2216344335191762,0.1730514333420843,0.17881720565217238,1.0485830001770917,1.4004516391713486,0.3518686389942567
43,2,0-1-4-6,1.2217019299905059,0.8751046750365321,0.17286711899013035,2.096806605027038,1.3945690489806362,0.7022375560464019
43,3,0-1-4-6,0.8728530405641584,1.2252034869651407,0.5225812185485614,2.098056527529299,1.3954342591127193,0.7026222684165797
43,5,0-1-4-6,0.17699814514298126,1.2197172182309557,1.2171702468831995,1.0427190730879758,1.3941683920261796,2.4368874651141557
43,7,0-1-4-6,0.523086253665644,0.521385895661432,1.2252621008678553,1.0444721493270763,1.7483483545334995,0.7038762052064236
43,8,0-1-4-6,0.8724897419894283,0.17282747913182425,0.8765095156151279,1.0453172211212525,1.7489992576045559,0.7036820364833043
43,9,0-1-4-6,1.2217181351886228,0.1749428011519701,0.5284679996352007,1.0467753340366526,1.7501861348238237,0.7034108007871712
44,2,0-1-4-7,1.2216990438243067,0.8738851127900262,0.17717883429374356,2.095584156614333,1.044520209530563,1.0510639470837695
44,3,0-1-4-7,0.8727563684343588,1.22346514504857,0.17261820301232478,2.096221513482929,1.0453745714466836,1.0508469420362452
44,5,0-1-4-7,0.17646249058566546,1.2207054412899683,0.8695599540867871,1.044242950704302,1.0460224446724538,2.0902653953767554
44,6,0-1-4-7,0.17367249113648892,0.8700754389844397,1.2191551630833675,1.0437479301209296,1.0454826719468777,2.0892306020678073
44,8,0-1-4-7,0.8725783236015925,0.1716899666170699,1.2240672826863448,1.0442682902186624,2.0966456062879377,1.052377316069275
44,9,0-1-4-7,1.221738625872901,0.17682277675672595,0.8754735901768378,1.0449158491161747,2.097212216049739,1.0522963669335643
45,2,0-1-4-8,1.2217056632318992,0.8732752774800907,0.5255955123070946,2.0949809407119897,0.6961101509248044,1.3988707897871855
45,3,0-1-4-8,0.8727091938750325,1.2225975118256203,0.175706286647858,2.095306705700653,0.6970029072271744,1.3983037984734783
45,5,0-1-4-8,0.1756243679107179,1.2211924809818395,0.5224983262403775,1.0455681130711223,0.698122694151095,1.7436908072222168
45,6,0-1-4-8,0.17327119373370262,0.8713684620345525,0.8714611070158154,1.0446396557682547,0.6981899132821134,1.7428295690503681
45,7,0-1-4-8,0.5233425533189374,0.5206081842091967,1.2211001546390843,1.0439507375281343,0.6977576013201469,1.7417083388482808
45,9,0-1-4-8,1.2217391095901782,0.1777360378700533,1.2224978237076605,1.044003071720125,2.4442369332978395,1.4002338615777141
46,2,0-1-4-9,1.221713396836633,0.8729701977486581,0.8732060457654287,2.0946835945852906,0.34850735107120445,1.7461762435140864
46,3,0-1-4-9,0.8726862391414832,1.2221640011758903,0.5234055101219656,2.094850240317374,0.34928072901951734,1.7455695112978562
46,5,0-1-4-9,0.17525962756508423,1.2214493133514879,0.17480652654427062,1.0461896857864037,0.35006615410935343,1.3962558398957576
46,6,0-1-4-9,0.1733398853008906,0.8720139815680357,0.5235293327358741,1.0453538668689264,0.35018944743498254,1.3955433143039095
46,7,0-1-4-9,0.5224703354355937,0.5221062558234258,0.8726107243472709,1.04457659125902,0.3501403889116772,1.394716980170697
46,8,0-1-4-9,0.8726218471266424,0.17125719497391018,1.22242295409433,1.0438790421005522,0.3498011069676874,1.3936801490682398
47,2,0-1-5-6,1.2217195715148588,0.5198152246286031,0.17154230482436975,1.741534796143462,1.3932618763392277,0.3482729198042345
47,3,0-1-5-6,0.8726750917328451,0.8691193853792367,0.5210463704907674,1.7417944771120815,1.3937214622236123,0.3480730148884697
47,4,0-1-5-6,0.5270046560027205,1.2152571884436063,0.867316287135017,1.742261844446327,1.3943209431377377,0.3479409013085899
47,7,0-1-5-6,0.5222269147592865,0.8753894637864629,1.2234500780010205,1.3976163785457487,1.7456769927603066,0.34806061421455764
47,8,0-1-5-6,0.8715791563387753,0.5255245226171013,0.8736747016664396,1.3971036789558764,1.7452538580052146,0.3481501790493383
47,9,0-1-5-6,1.2217358995878485,0.17489320096696848,0.523192200442811,1.396629100554817,1.7449281000306593,0.3482989994758417
48,2,0-1-5-7,1.221739213077243,0.5217052861184527,0.17529615018603656,1.7434444991956957,1.0464430628912045,0.697001436304491
48,3,0-1-5-7,0.8726720404236114,0.8708888962030982,0.17396302679031853,1.7435609366267093,1.0466350672139293,0.6969258694127799
48,4,0-1-5-7,0.5253039153564181,1.2184829517053908,0.5215250504806017,1.7437868670618089,1.0468289658370196,0.6969579012247895
48,6,0-1-5-7,0.17329266478480124,1.2248267621158204,1.2207447517142707,1.398119426900622,1.047452086929469,2.445571513830091
48,8,0-1-5-7,0.8721230614976239,0.525008971578263,1.2216706969393187,1.3971320330758865,2.0937937584369424,0.6966617253610559
48,9,0-1-5-7,1.2217319022947253,0.1750724876664912,0.8719644251122658,1.3968043899612168,2.093696327406991,0.696891937445774
49,2,0-1-5-8,1.2217401942417552,0.5226515129108115,0.5228378243008921,1.744391707152567,0.6989023699408627,1.0454893372117042
49,3,0-1-5-8,0.8726691855705071,0.871775766967749,0.17375915192902827,1.7444449525382562,0.6989100336414783,1.0455349188967777
49,4,0-1-5-8,0.5244521685540222,1.2201033391427774,0.1744591577420257,1.7445555076967996,0.6989113262960485,1.0456441814007509
49,6,0-1-5-8,0.17427678545003517,1.223274097936847,0.8732348093767828,1.3975508833868828,0.6989580239267471,2.09650890731363
49,7,0-1-5-8,0.5229138517711215,0.8746088935892118,1.222086956854171,1.3975227453603334,0.6991731050830493,2.096695850443383
49,9,0-1-5-8,1.2217289364648647,0.1753329535573635,1.2206180628034284,1.3970618900222278,2.4423469992682936,1.0452851092460653
50,2,0-1-5-9,1.221737577799779,0.5231249700611915,0.8707302224829022,1.7448625478609703,0.35100735531687755,1.3938551925440934
50,3,0-1-5-9,0.8726672725027389,0.8722198400105914,0.5217857440679263,1.74488711251333,0.35088152843481274,1.3940055840785177
50,4,0-1-5-9,0.5240258145455495,1.2209157437284963,0.17322730520355759,1.744941558274046,0.35079850934199214,1.3941430489320537
50,6,0-1-5-9,0.1742641540621974,1.2225033366808353,0.5248958906198478,1.3967674907430327,0.35063173655765056,1.747399227300683
50,7,0-1-5-9,0.523368419260642,0.8736354060980605,0.8739583342371535,1.3970038253587025,0.350589914976512,1.747593740335214
50,8,0-1-5-9,0.8723942340386512,0.5248729543558877,1.2230287013463206,1.3972671883945385,0.3506344673076692,1.7479016557022078
51,2,0-1-6-7,1.2217350405276624,0.17421594485769873,0.1746893171228661,1.3959509853853607,1.0470457234047965,0.3489052619805643
51,3,0-1-6-7,0.8726661178034694,0.5233808898810355,0.17445237600050048,1.3960470076845053,1.0471184938039702,0.3489285138805351
51,4,0-1-6-7,0.5238124490728093,0.8723806585308572,0.5233881116752154,1.3961931076036662,1.0472005607480244,0.34899254685564207
51,5,0-1-6-7,0.1753968561187513,1.2211149990933938,0.8719055927511228,1.3965118552121463,1.0473024488698752,0.3492094063422709
51,8,0-1-6-7,0.8723468987027497,0.8737098929664073,1.2228756779596712,1.7460567916691572,2.095222576662421,0.3491657849932639
51,9,0-1-6-7,1.221726690661081,0.525058656471655,0.8741722496450777,1.7467853471327361,2.0958989403061588,0.3491135931734222
52,2,0-1-6-8,1.2217334260826316,0.17437438644353292,0.5232337094209303,1.3961078125261646,0.6984997166617012,0.6976080958644633
52,3,0-1-6-8,0.8726654732845606,0.5234897708141771,0.17419274022437853,1.3961552440987375,0.6984727330601823,0.6976825110385557
52,4,0-1-6-8,0.523705684827884,0.8725225143797588,0.17474343315781177,1.396228199207643,0.6984491179856974,0.6977790812219457
52,5,0-1-6-8,0.17496500328427872,1.221421718646642,0.5234505288481116,1.3963867219309214,0.6984155321323903,0.6979711897985312
52,7,0-1-6-8,0.5230139708946637,1.2226418633685974,1.2211761415283502,1.7456558342632609,0.6981621706336866,2.443818004896948
52,9,0-1-6-8,1.2217316061245316,0.5244220883712282,1.222175112884399,1.7461536944957592,2.4439067190089303,0.697753024513171
53,2,0-1-6-9,1.2217322693520154,0.174453633690026,0.8714006087420384,1.3961859030420412,0.3503316606099774,1.0458542424320643
53,3,0-1-6-9,0.8726650987463143,0.5235442442624159,0.522438819260819,1.3962093430087308,0.3502262794854953,1.0459830635232352
53,4,0-1-6-9,0.5236522657525579,0.8725935077337494,0.17349467883526,1.396245773486307,0.35015758691729754,1.0460881865690095
53,5,0-1-6-9,0.17474902526222397,1.2215755504435064,0.17534652040511606,1.3963245757057297,0.3500955456673382,1.0462290300383914
53,7,0-1-6-9,0.523361599939512,1.2221853718719322,0.8732785684979502,1.7455469718114442,0.3499169685584384,2.0954639403698825
53,8,0-1-6-9,0.872506124730219,0.8733004960022759,1.222371315573697,1.7458066207324945,0.3498651908434782,2.095671811575973
54,2,0-1-7-8,1.2217315279226764,0.17469562419412377,0.5233631152478175,1.047035903728552,0.6983684126748587,0.3486674910536931
54,3,0-1-7-8,0.8726648865358627,0.1744088186859631,0.1742986590690175,1.0470737052218262,0.6983662274668452,0.348707477754981
54,4,0-1-7-8,0.5236255382741567,0.5234914423473688,0.17473895024597605,1.047116980621525,0.6983644885201322,0.3487524921013929
54,5,0-1-7-8,0.1746410069132262,0.8725390315533925,0.5237197121275835,1.047180038466619,0.69836071904081,0.34881931942580885
54,6,0-1-7-8,0.17374121058625422,1.221015932051149,0.8720706626556146,1.047274721464896,0.6983294520693614,0.348945269395534
54,9,0-1-7-8,1.221731740360494,0.873680725028165,1.2225236371932193,2.095412465388659,2.4442553775537137,0.34884291216505425
55,2,0-1-7-9,1.2217313127804545,0.17461430958919805,0.8716133269764597,1.0471170031912564,0.35011798580399583,0.6969990173872614
55,3,0-1-7-9,0.8726648179496622,0.17447083822111498,0.5226404660167339,1.047135656170777,0.3500243519329285,0.697111304237849
55,4,0-1-7-9,0.523612170263285,0.5235450809745332,0.17364882561642112,1.0471572512378184,0.34996334464686407,0.6971939065909544
55,5,0-1-7-9,0.17458698158126396,0.8726017758806853,0.17532229148884185,1.0471887574619516,0.3499092730701082,0.6972794843918428
55,6,0-1-7-9,0.17413705027091933,1.2213725017578807,0.5239797204389112,1.0472354514869613,0.34984267016799137,0.6973927813189695
55,8,0-1-7-9,0.8724378679162482,1.2224158260133624,1.22205099174134,2.0948536939296107,0.34961312382509235,2.4444668177547024
56,2,0-1-8-9,1.221731044489236,0.5234039158396898,0.871588577938507,0.6983271286495468,0.35014246655072884,0.34818466209881754
56,3,0-1-8-9,0.8726647519539366,0.17433667395558974,0.5226264717874719,0.6983280779983464,0.35003828016646504,0.34828979783188124
56,4,0-1-8-9,0.5236054793841509,0.17472363165819885,0.17363512717961152,0.6983291110423495,0.34997035220453987,0.34835875883780976
56,5,0-1-8-9,0.17455996106538108,0.5237698975298839,0.1753504376922835,0.6983298585952652,0.3499103987576643,0.34841945983759975
56,6,0-1-8-9,0.17433497741688841,0.8726593284820646,0.5241745787829463,0.698324351065177,0.3498396013660585,0.3484847496991179
56,7,0-1-8-9,0.5231381476714998,1.2214164918533679,0.8728602063669084,0.6982783441818686,0.3497220586954085,0.34855628548645956
57,4,0-1-2-3,0.5236020990642453,0.8718932842850046,1.2213210039150861,0.3482911852207601,0.6977189048508412,0.3494277196300814
57,5,0-1-2-3,0.17454644811612385,0.5228373893985097,0.8722648220641499,0.3482909412823861,0.697718373948026,0.34942743266563997
57,6,0-1-2-3,0.17443393627113984,0.1738556439571934,0.5232816562624075,0.348289580228333,0.6977155925335469,0.3494260123052134
57,7,0-1-2-3,0.5233684964902304,0.17508303482788015,0.17433978239674353,0.34828546166234997,0.6977082788869746,0.3494228172246251
57,8,0-1-2-3,0.8724200114452857,0.5241300478648866,0.17470296376287195,0.34828996358039954,0.697717047682414,0.3494270841020148
57,9,0-1-2-3,1.2217320939052838,0.8732058442442838,0.5236846239222583,0.3485262496609999,0.6980474699830259,0.3495212203220254
58,3,0-1-2-4,0.8726645101394295,1.2209557827765456,1.2212740060891125,0.34829127263711573,2.0939385162285418,2.4422297888656583
58,5,0-1-2-4,0.17453968829895813,0.5229120031455371,1.2221936351775229,0.34837231484657905,1.0476539468785655,0.6992816320319862
58,6,0-1-2-4,0.17448343659713572,0.17390332597637395,0.8731685322287046,0.3483867625735101,1.0476519688258399,0.6992652062523299
58,7,0-1-2-4,0.5234836386067384,0.1750856538025317,0.5241632766217057,0.34839798480420536,1.0476469152284442,0.6992489304242385
58,8,0-1-2-4,0.8725420638038265,0.5241269025759192,0.1751114033665378,0.3484151612279068,1.0476534671703652,0.6992383059424581
58,9,0-1-2-4,1.2217309644245455,0.8731747564838124,0.1738816837868005,0.34855620794073294,1.047849280637745,0.6992930726970117
59,3,0-1-2-5,0.8728777253298705,1.2213428352747149,0.8719343350049845,0.3484651099448447,1.7448120603348554,2.0932771702796993
59,4,0-1-2-5,0.5236004531444719,0.8719498484598973,1.2210828565473653,0.3483493953154254,1.7446833096918373,2.093032705007263
59,6,0-1-2-5,0.1745081797849002,0.1738201517147925,1.2223985857475395,0.348328331499692,1.3969067655324394,1.0485784340327473
59,7,0-1-2-5,0.5235412295555114,0.1752211552038735,0.873362102678242,0.3483200743516377,1.3969033322337532,1.0485832578821155
59,8,0-1-2-5,0.8726035115674068,0.5242905422943643,0.5243050589527248,0.3483129692730426,1.3969085705201318,1.0485956012470894
59,9,0-1-2-5,1.2217317498095153,0.8733718150760108,0.17528919595292106,0.34835993473350463,1.3970209457624359,1.0486610110289314
60,3,0-1-2-6,0.8728507402643825,1.2215358592993435,0.5230516708369616,0.34868511903496147,1.395902411101344,1.7445875301363052
60,4,0-1-2-6,0.5238517376471512,0.8723070716079252,0.8720778406474284,0.3484553339607742,1.3959295782945795,1.7443849122553536
60,5,0-1-2-6,0.1745363074389906,0.5228731454821002,1.221260155824016,0.3483368380431097,1.3957964632630069,1.744133301306116
60,7,0-1-2-6,0.5235699979569333,0.1753223153832291,1.2222226302276251,0.3482476825737041,1.7457926281845586,1.3975449456108542
60,8,0-1-2-6,0.8726340941224301,0.5244329872465907,0.8731629663129752,0.34820110687583977,1.7457970604354056,1.397595953559566
60,9,0-1-2-6,1.2217314657000786,0.873572615102389,0.5241296886838546,0.3481588505976898,1.7458611543839335,1.3977023037862435
61,3,0-1-2-7,0.8727744528360389,1.2216321727208443,0.1742345253270514,0.3488577198848052,1.0470089781630914,1.3958666980478969
61,4,0-1-2-7,0.5239088670687444,0.8724856018985268,0.5232096311733543,0.34857673482978285,1.0471184982420982,1.3956952330718806
61,5,0-1-2-7,0.17482718198723296,0.5232359662748779,0.8722649023097866,0.34840878428764444,1.0470920842970197,1.3955008685846646
61,6,0-1-2-7,0.1745205503988656,0.17376908196035445,1.221476961690997,0.3482896323592212,1.0469564112921317,1.3952460436513525
61,8,0-1-2-7,0.8726493511518975,0.5245084620390906,1.221990456626528,0.34814088911280633,2.0946398077784254,1.7464989186656186
61,9,0-1-2-7,1.2217310066079947,0.8736964742689011,0.8729457883346408,0.34803453233909404,2.0946767949426355,1.7466422626035416
62,3,0-1-2-8,0.8727180396417344,1.22168060708316,0.17465948574357398,0.34896256744142534,0.6980585538981603,1.047021121339586
62,4,0-1-2-8,0.5238997460926883,0.8725748446927061,0.1742884222835302,0.3486750986000175,0.6981881683762183,1.0468632669762359
62,5,0-1-2-8,0.17492229133742923,0.5234173532144194,0.5232883114854578,0.34849506187699075,0.698210602822887,1.0467056646998776
62,6,0-1-2-8,0.17419974532663127,0.1741511076672198,0.8723680315872229,0.34835085299385027,0.6981682862605919,1.0465191392544422
62,7,0-1-2-8,0.5235843833492725,0.17536459449109582,1.2216232245800096,0.3482197888581767,0.6980388412307369,1.0462586300889138
62,9,0-1-2-8,1.2217307372670716,0.8737518063481678,1.2218488588114753,0.34797893091890336,2.4435795960785467,2.095600665159643
63,3,0-1-2-9,0.8726895939792052,1.221705161841399,0.5236284023551643,0.3490155678621942,0.3490611916240409,0.6980767594862347
63,4,0-1-2-9,0.5238695807283049,0.8726194810357151,0.17471046888960962,0.3487499003074099,0.34915911183869636,0.6979090121461066
63,5,0-1-2-9,0.1749276718236945,0.5235080097915222,0.1742606757969185,0.34858033796782734,0.34918834762061285,0.6977686855884402
63,6,0-1-2-9,0.1740960797267201,0.1743420998450061,0.5232818942043924,0.3484381795717269,0.34918581447767094,0.6976239940493978
63,7,0-1-2-9,0.5232413842017749,0.17494856515684398,0.8723922574409104,0.3482928190449311,0.34915087323913546,0.6974436922840663
63,8,0-1-2-9,0.8726569855737272,0.5245351600869446,1.221705466983906,0.348121825486783,0.34904848141017886,0.6971703068969617
64,2,0-1-3-4,1.2217301915681253,1.22027222078767,0.8712305705542132,2.4420024123557953,2.0929607621223383,0.3490416502334573
64,5,0-1-3-4,0.17487651157908285,0.8735569503836055,1.2226066030217115,0.6986804388045212,1.0477300914426273,0.34904965263810606
64,6,0-1-3-4,0.17411932069802455,0.5244463735642731,0.8735007225437809,0.6985656942622976,1.0476200432418055,0.34905434897950816
64,7,0-1-3-4,0.5231690231065769,0.1752785873209191,0.5243413817638476,0.6984476104274963,1.0475104048704247,0.34906279444292854
64,8,0-1-3-4,0.8723238666808549,0.1740215170867886,0.17505919523562333,0.6983023495940651,1.0473830619164781,0.34908071232241306
64,9,0-1-3-4,1.2217306063100661,0.5236388920731987,0.17451324823290595,0.6980917142368677,1.0472173580771604,0.34912564384029277
65,2,0-1-3-5,1.2217307894440044,1.221000875426797,0.5229332503252639,2.4427316648708013,1.7446640397692685,0.6980676251015325
65,4,0-1-3-5,0.523824768751968,1.2226422822767642,1.2213837214948136,0.6988175135247962,1.7452084902467817,2.4440260037715777
65,6,0-1-3-5,0.1743262215520515,0.5241230089575363,1.2219405552874885,0.6984492305095865,1.396266776839539,0.6978175463299525
65,7,0-1-3-5,0.5233840079188177,0.17496150627351817,0.872832277699962,0.6983455141923366,1.39621628561878,0.6978707714264438
65,8,0-1-3-5,0.8724943294738848,0.17426077226011968,0.5236659029038593,0.6982335572137649,1.3961602323777442,0.6979266751639794
65,9,0-1-3-5,1.2217305411075505,0.5236471858536899,0.17436237443626876,0.6980833552538608,1.396092915543819,0.6980095602899585
66,2,0-1-3-6,1.221730768614166,1.2213655545456161,0.17439515070876607,2.443096323159782,1.3961259193229327,1.0469704038368497
66,4,0-1-3-6,0.5234805941643159,1.2221858408186446,0.872880022641622,0.6987052466543286,1.396360616805938,2.095065863460267
66,5,0-1-3-6,0.17470463835909839,0.8732797996935554,1.2218106012065453,0.698575161334457,1.3965152395656435,2.0950904009001006
66,7,0-1-3-6,0.5234914392919826,0.17486412332371556,1.221538607751731,0.6983555626156964,1.7450300470437132,1.046674484428017
66,8,0-1-3-6,0.8725794946549342,0.17431632005774517,0.8724261476064928,0.6982631745971896,1.745005642261427,1.0467424676642378
66,9,0-1-3-6,1.2217304553849608,0.5235838678496126,0.5232479584864673,0.6981465875353484,1.7449784138714282,1.0468318263360799
67,2,0-1-3-7,1.2217306673915644,1.2215479836571963,0.17431226617694906,2.443278651048761,1.0474184012146142,1.3958602498341466
67,4,0-1-3-7,0.5234376868957628,1.2219583214268663,0.5240152462995403,0.698520634531104,1.0474529331953033,1.7459735677264066
67,5,0-1-3-7,0.1744867141741981,0.8729720325812331,0.8730255590798573,0.6984853184070343,1.047512273254056,1.7459975916610906
67,6,0-1-3-7,0.17442962227732506,0.5240191562165065,1.2220150039705553,0.6984487784938314,1.0475853816932303,1.7460341601870617
67,8,0-1-3-7,0.8726220222550426,0.1742899195789282,1.2213648340906702,0.6983321026761142,2.093986856345713,1.3956547536695987
67,9,0-1-3-7,1.2217302280946358,0.5234693072948643,0.8722459153935094,0.6982609207997711,2.0939761434881454,1.395715222688374
68,2,0-1-3-8,1.2217305886028618,1.2216392213454434,0.5231340646170716,2.4433698099483054,0.6985965239857904,1.7447732859625147
68,4,0-1-3-8,0.5235339711352958,1.2218445048060178,0.17497280437267027,0.6983105336707222,0.6985067755079658,1.3968173091786882
68,5,0-1-3-8,0.17447537694668067,0.8728183268892118,0.5240261576194425,0.6983429499425313,0.6985015345661235,1.3968444845086545
68,6,0-1-3-8,0.17455988707321304,0.5238088772284443,0.8730709376117696,0.6983687643016564,0.6985110505385579,1.396879814840214
68,7,0-1-3-8,0.5235451281919954,0.17484436721227736,1.2220914563454026,0.6983894954042732,0.6985463281534069,1.3969358235576799
68,9,0-1-3-8,1.2217299951822294,0.5233539154861451,1.2213082034992513,0.6983760796960842,2.4430381986814806,1.7446621189853966
69,2,0-1-3-9,1.2217305394212095,1.2216848463376628,0.8720176003955182,2.4434153857588723,0.3497129390256919,2.093702446733181
69,4,0-1-3-9,0.5236824216281433,1.2217873171642086,0.17411499908046396,0.6981048955360653,0.3495674225476789,1.0476723180837446
69,5,0-1-3-9,0.17456524599514775,0.8727414670221789,0.17496927754952735,0.6981762210270307,0.3495345235446746,1.0477107445717055
69,6,0-1-3-9,0.17453363380737094,0.523703809805998,0.524048363962142,0.6982374436133679,0.34951473015477197,1.0477521737681397
69,7,0-1-3-9,0.5236141541367244,0.17468860029346747,0.873119267925481,0.6983027544301924,0.34950511378875715,1.047807868218949
69,8,0-1-3-9,0.8726432835881264,0.17425856481896773,1.2221617344544167,0.6983847187691594,0.34951845086629096,1.04790316963545
70,2,0-1-4-5,1.2217305110114278,0.8730342125456615,0.5238112706211708,2.0947647235570894,1.7455417816325989,0.34922294192449077
70,3,0-1-4-5,0.8726825586393299,1.2222616555066341,0.8729613212458455,2.094944214145964,1.7456438798851754,0.3493003342607891
70,6,0-1-4-5,0.1744052324134978,0.8725196507243841,1.2218179311201478,1.0469248831378826,1.3962231635336464,0.3492982803957643
70,7,0-1-4-5,0.5235239092814957,0.5234775917167669,0.8727743337440792,1.0470015009982623,1.3962982430255748,0.34929674202731215
70,8,0-1-4-5,0.8726411056645156,0.174466938962971,0.5237599116420478,1.0471080446274879,1.3964010173065633,0.34929297267907555
70,9,0-1-4-5,1.2217299283331278,0.1744236391325984,0.17485710808428795,1.0473062892005292,1.396587036417415,0.34928074721688535
71,2,0-1-4-6,1.2217303177441452,0.872849415594502,0.174400938078389,2.094579733338647,1.3961312558225336,0.6984484775161134
71,3,0-1-4-6,0.8726735680786553,1.2220105200395186,0.5235276017090431,2.094684088118174,1.3962011697876986,0.6984829183304756
71,5,0-1-4-6,0.1747171684297402,1.221572111939956,1.2213822367875053,1.0468549435102157,1.396099405217246,2.4429543487274614
71,7,0-1-4-6,0.5235613446599234,0.5234287834485091,1.2220025562266492,1.0469901281084328,1.7455639008865729,0.69857377277814
71,8,0-1-4-6,0.8726528815954084,0.1744019653545523,0.8729602750664144,1.0470548469499614,1.7456131566618227,0.6985583097118612
71,9,0-1-4-6,1.2217304105448494,0.17456622340043235,0.5239700232334877,1.0471641871444166,1.745700433778337,0.6985362466339208
72,2,0-1-4-7,1.2217302976351616,0.8727570232619933,0.17474188928339285,2.0944873208971546,1.0469884083517689,1.047498912545386
72,3,0-1-4-7,0.8726690811229999,1.2218704886806027,0.17438512260245845,2.0945395698036027,1.0470542037254582,1.0474853660781445
72,5,0-1-4-7,0.17467780318523812,1.2216511863116546,0.872425167120594,1.0469733831264163,1.0471029703058323,2.094076353432249
72,6,0-1-4-7,0.17446907521070826,0.8724652018756299,1.2215308459948058,1.046934277086338,1.047061770784098,2.093996047870436
72,8,0-1-4-7,0.8726587596507207,0.17431463472471662,1.221912809604901,1.0469733943754373,2.094571569255622,1.0475981748801844
72,9,0-1-4-7,1.2217305237748397,0.1747097532230486,0.8728813132541773,1.0470207705517918,2.0946118370290168,1.047591066477225
73,2,0-1-4-8,1.2217303344372685,0.8727108269359386,0.523759958822584,2.0944411613732075,0.6979703756146844,1.3964707857585228
73,3,0-1-4-8,0.8726668451292435,1.2218004817771173,0.1746284944460771,2.094467326906361,0.6980383506831667,1.396428976223194
73,5,0-1-4-8,0.17461340686360768,1.2216906798664338,0.5235114596740319,1.0470772730028264,0.6981248665376394,1.7452021395404655
73,6,0-1-4-8,0.17443863781585542,0.8725649037749819,0.8725691750138435,1.0470035415908363,0.6981305371979891,1.745134078788825
73,7,0-1-4-8,0.5235800601367468,0.523369338741807,1.2216779460857703,1.0469493988785536,0.6980978859490238,1.7450472848275773
73,9,0-1-4-8,1.2217305244620422,0.17478044924906935,1.2217923637626416,1.0469500752129735,2.4435228882246838,1.3965728130117103
74,2,0-1-4-9,1.2217303784143336,0.8726877278869865,0.8727165064707931,2.09441810630132,0.3490138719435405,1.7454042343577794
74,3,0-1-4-9,0.8726657312286962,1.2217654797086137,0.5235926568478497,2.0944312109373096,0.34907307438084717,1.7453581365564632
74,5,0-1-4-9,0.17458415456173068,1.2217105038656533,0.1745503420861986,1.0471263493039213,0.34913449664792945,1.396260845951851
74,6,0-1-4-9,0.17444478588870985,0.8726147487847028,0.5235894442305546,1.0470595346734135,0.3491446583418437,1.3962041930152573
74,7,0-1-4-9,0.5235142716945345,0.5234840730672872,0.8726559810836929,1.0469983447618216,0.34914170938915834,1.39614005415098
74,8,0-1-4-9,0.8726616946741484,0.1742810656492686,1.2217781538805843,1.0469427603234178,0.3491164592064354,1.3960592195298538
75,2,0-1-5-6,1.2217304137268166,0.5233049720150015,0.17429865511759518,1.745035385741818,1.3960290688444121,0.34900631689740563
75,3,0-1-5-6,0.8726651764155555,0.8723881914881293,0.5233972410379363,1.7450533679036848,1.3960624174534917,0.3489909504501932
75,4,0-1-5-6,0.5238542405036228,1.2212305921088888,0.8722517642085845,1.7450848326125117,1.3961060047122074,0.34897882790030443
75,7,0-1-5-6,0.5234971644692544,0.8728744297611534,1.2218632377333196,1.3963715942304071,1.7453604022025737,0.34898880797216714
75,8,0-1-5-6,0.8725834803642087,0.5237471603349304,0.8727429659573055,1.3963306406991391,1.7453264463215141,0.348995805622375
75,9,0-1-5-6,1.2217305066596387,0.1745590793098747,0.5235662435633915,1.3962895859695146,1.74529675022303,0.3490071642535157
76,2,0-1-5-7,1.221730527054786,0.5234518640465009,0.17459433841655184,1.7451823911012867,1.047136188638234,0.6980462024630529
76,3,0-1-5-7,0.8726649141313203,0.8725263899833378,0.17448575465844035,1.7451913041146583,1.0471506687897612,0.6980406353248969
76,4,0-1-5-7,0.5237265197986071,1.2215061094323798,0.5234471291253389,1.745232629230987,1.047173648923946,0.6980589803070407
76,6,0-1-5-7,0.17444273901710614,1.2219687374063581,1.2216576134758037,1.3964114764234634,1.0472148744586984,2.443626350882162
76,8,0-1-5-7,0.8726240597247694,0.5237076240728734,1.2217256758503887,1.3963316837976423,2.094349735575158,0.6980180517775157
76,9,0-1-5-7,1.2217304840561904,0.17457338642508688,0.8726095843426411,1.3963038704812778,2.094340068398832,0.6980361979175538
77,2,0-1-5-8,1.2217305325706935,0.5235253170100658,0.5235449542116933,1.745255849580759,0.698185578359,1.0470702712217588
77,3,0-1-5-8,0.8726647750981973,0.8725955020323357,0.1744784591991007,1.7452602771305332,0.6981863158990972,1.0470739612314361
77,4,0-1-5-8,0.5236626525225354,1.2216043630866573,0.17452329834840338,1.7452670156091923,0.6981859508709382,1.047081064738254
77,6,0-1-5-8,0.17451785074716475,1.221849580795581,0.8727090010224061,1.3963674315427457,0.6981911502752413,2.094558581817987
77,7,0-1-5-8,0.5235479755217923,0.8728153248013828,1.2217565355710427,1.396363300323175,0.6982085600492504,2.0945718603724255
77,9,0-1-5-8,1.2217304672263665,0.17459381673874091,1.2216468575930783,1.3963242839651078,2.443377324819445,1.0470530408543373
78,2,0-1-5-9,1.221730517369969,0.5235620454149726,0.8725240266154305,1.7452925627849414,0.349206490754539,1.396086072030403
78,3,0-1-5-9,0.8726647027075924,0.8726300618914449,0.5234674044501718,1.745294764599037,0.34919729825742085,1.3960974663416164
78,4,0-1-5-9,0.5236307161211025,1.2216674131231513,0.17443968428078674,1.745298129244254,0.34919103184031464,1.3961070974039393
78,6,0-1-5-9,0.1745167335475824,1.2217900352268192,0.5236960362261927,1.3963067687744013,0.34917930267860986,1.7454860714530116
78,7,0-1-5-9,0.5235836281203842,0.8727399674758847,0.8727604203641244,1.396323595596269,0.3491767922437404,1.7455003878400086
78,8,0-1-5-9,0.8726443449891685,0.523697526506243,1.2218250127984491,1.3963418714954117,0.3491806678092808,1.745522539304692
79,2,0-1-6-7,1.221730502692418,0.17450606439554905,0.17454868963300085,1.396236567087967,1.0471818130594175,0.34905475402854935
79,3,0-1-6-7,0.872664665343094,0.5235787393514061,0.17452209328184853,1.3962434046944998,1.0471867586249417,0.3490566460695583
79,4,0-1-6-7,0.5236147467861768,0.8726385517666638,0.5235772557838978,1.3962532985528406,1.0471920025700747,0.34906129598276553
79,5,0-1-6-7,0.17459301698512344,1.2216821723300384,0.8726055410751201,1.396275189315162,1.0471985580602434,0.34907663125491856
79,8,0-1-6-7,0.8726544898022041,0.872750302640472,1.2218343566041132,1.7454047924426757,2.094488846406317,0.34908405396364145
79,9,0-1-6-7,1.221730455154412,0.5237106233516818,0.8727801051340535,1.7454410785060936,2.0945105602884655,0.3490694817823709
80,2,0-1-6-8,1.221730493588631,0.17451949454276702,0.5235814771949293,1.3962499881313981,0.6981490163937015,0.6981009717376965
80,3,0-1-6-8,0.8726646463496867,0.5235887570677825,0.1745177680013828,1.396253403417469,0.6981468783483038,0.698106525069165
80,4,0-1-6-8,0.5236067616296497,0.8726507870634491,0.1745377733331392,1.3962575486930988,0.6981445349627898,0.6981130137303091
80,5,0-1-6-8,0.17456297177222935,1.221706319635238,0.5235792198380546,1.396269291407467,0.6981421916102835,0.6981270997971833
80,7,0-1-6-8,0.5235577909434326,1.221801521385124,1.2216836960559854,1.745359312328557,0.6981259051125526,2.4434852174411095
80,9,0-1-6-8,1.22173048218371,0.5236618875963309,1.221773133034515,1.7453923697800409,2.443503615218225,0.6981112454381841
81,2,0-1-6-9,1.221730486904924,0.17452620975958935,0.8725777117980867,1.3962566966645125,0.34915277510683734,1.0471039215576754
81,3,0-1-6-9,0.87266463649963,0.5235937661468325,0.5235193107598538,1.3962584026464624,0.34914532573977614,1.0471130769066863
81,4,0-1-6-9,0.5236027688294641,0.8726577061630316,0.17446242819426133,1.3962604749924952,0.3491403406352011,1.0471201343572942
81,5,0-1-6-9,0.1745479488414086,1.2217183955265143,0.17458808294649866,1.3962663443679229,0.349136031787907,1.0471303125800153
81,7,0-1-6-9,0.5235859722664273,1.2217659937325445,0.8727105075703943,1.7453519659989718,0.3491245353039666,2.094476501302939
81,8,0-1-6-9,0.8726595598324667,0.8727074620332668,1.22178105321898,1.7453670218657333,0.3491214933865133,2.0944885152522468
82,2,0-1-7-8,1.2217304825793367,0.17454905758957281,0.5235905467986843,1.0471814249897642,0.6981399357806526,0.34904148920911204
82,3,0-1-7-8,0.8726646314081096,0.17451904231172144,0.1745268202299431,1.047183673719831,0.6981378111781672,0.3490458625416637
82,4,0-1-7-8,0.5236007723192976,0.5235852825924753,0.17453505563482746,1.0471860549117724,0.6981358279541259,0.3490502269576462
82,5,0-1-7-8,0.17454043720211063,0.8726494110293773,0.5235932154616332,1.0471898482314874,0.6981336526637437,0.34905619556774414
82,6,0-1-7-8,0.17447756506658385,1.221672168947219,0.872605971082576,1.0471946038806361,0.6981284060159934,0.34906619786464305
82,9,0-1-7-8,1.2217304838782772,0.8727408491468741,1.2217855513199938,2.0944713330251514,2.443516035198271,0.34904470217311995
83,2,0-1-7-9,1.2217304814886158,0.17454099161260597,0.87259077884587,1.047189489876011,0.3491397026427453,0.6980497872332653
83,3,0-1-7-9,0.8726646291561124,0.17452598350689502,0.5235319767091596,1.0471906126630066,0.349132652446953,0.6980579602160536
83,4,0-1-7-9,0.5235997740528586,0.523592028864372,0.17447175349388047,1.0471918029172302,0.3491280205589794,0.6980637823582517
83,5,0-1-7-9,0.17453668128137487,0.8726570182987409,0.17458728482262545,1.0471936995801159,0.3491239661040011,0.6980697334761148
83,6,0-1-7-9,0.1745052449856529,1.2217013196985023,0.5236242221510514,1.0471960747128493,0.3491189771653987,0.6980770975474505
83,8,0-1-7-9,0.8726620937264051,1.2217863976831813,1.221771263156045,2.094448491409586,0.34910916942964,2.443557660839226
84,2,0-1-8-9,1.221730479891664,0.5235891979329261,0.8725883377000236,0.6981412819587385,0.34914214219163997,0.34899913976709807
84,3,0-1-8-9,0.8726646277924853,0.1745244257282194,0.5235304170743543,0.698140202064265,0.3491342107181311,0.349005991346134
84,4,0-1-8-9,0.5235992748697618,0.17453994974363526,0.1744702560269614,0.6981392246133971,0.3491290188428001,0.3490102057705977
84,5,0-1-8-9,0.17453480327797197,0.52360333006978,0.17458965927639158,0.6981381333477507,0.3491244625543629,0.34901367079338724
84,6,0-1-8-9,0.17451908502296257,0.872655066672946,0.5236381768766228,0.6981359816499836,0.3491190918536602,0.3490168897963224
84,7,0-1-8-9,0.5235693803033636,1.221698259348707,0.8726797752597866,0.698128879045343,0.3491103949564224,0.3490184840889197
85,4,0-1-2-3,0.5235990251769206,0.8726172821638984,1.2217068276202663,0.34901825698697786,0.6981078024433462,0.34908954545636767
85,5,0-1-2-3,0.17453386426027287,0.5235521216800518,0.8726416797242273,0.34901825741977877,0.6981078154639545,0.34908955804417624
85,6,0-1-2-3,0.1745260050611727,0.17449216921919602,0.5235816372450925,0.34901817428036985,0.698107642306266,0.349089468025896
85,7,0-1-2-3,0.5235840781201635,0.17456612966862098,0.1745231641268699,0.34901794845154177,0.6981072422470332,0.34908929379549153
85,8,0-1-2-3,0.872655390327861,0.5236362961487164,0.1745461817314602,0.34901909417914445,0.6981092085964002,0.34909011441725524
85,9,0-1-2-3,1.221730484902911,0.8726943245178612,0.5235976805823389,0.34903616038505,0.6981328043205718,0.3490966439355221
86,3,0-1-2-4,0.8726646264318101,1.221682895342513,1.221701326573214,0.34901826891070414,2.094365953005024,2.443384221915727
86,5,0-1-2-4,0.17453339473630328,0.5235563678052384,1.221760113547682,0.3490229730689356,1.047226718811379,0.6982037457424441
86,6,0-1-2-4,0.17452946515936035,0.1744943371199459,0.8726970930514785,0.3490238022793044,1.0472265582108387,0.6982027559315337
86,7,0-1-2-4,0.523591426897329,0.1745669718479516,0.5236348478193762,0.3490244550493773,1.0472262747167054,0.6982018196673285
86,8,0-1-2-4,0.8726600071619594,0.5236341091663621,0.1745676428065064,0.34902589799559747,1.0472276499684652,0.6982017519728677
86,9,0-1-2-4,1.2217304809127953,0.8726947158807022,0.17448896603047928,0.34903576503209366,1.0472415148823158,0.6982057498502225
87,3,0-1-2-5,0.8726775555582111,1.2217066847027624,0.8726195217149841,0.349029129144551,1.7452970772731953,2.094326206417747
87,4,0-1-2-5,0.5235989004444749,0.8726205396537141,1.2216903487743056,0.3490216392092383,1.7452892492187804,2.0943108884280197
87,6,0-1-2-5,0.1745311951756932,0.17448886903590616,1.2217720357412152,0.3490200642116002,1.396303230916909,1.0472831667053089
87,7,0-1-2-5,0.5235951013395678,0.17457563359443,0.8727079604004511,0.34901946774513887,1.3963030617400187,1.04728359399488
87,8,0-1-2-5,0.8726623171940765,0.523643177102983,0.5236416874595672,0.3490191400910937,1.3963040046536437,1.0472848645625505
87,9,0-1-2-5,1.2217304830377944,0.8727080146765764,0.17458133655421218,0.3490224683612175,1.3963118195920066,1.0472893512307886
88,3,0-1-2-6,0.8726710913493722,1.2217107187181742,0.5235667448890886,0.3490396273688013,1.3962378362384609,1.7452774636072628
88,4,0-1-2-6,0.5236143767251918,0.8726425821986046,0.8726288386135002,0.34902820547341257,1.396243215338692,1.7452714208121045
88,5,0-1-2-6,0.17453315997082744,0.5235538588548283,1.2217018348693147,0.34902069888400183,1.3962349948401414,1.745255693724143
88,7,0-1-2-6,0.5235969384538027,0.17458196528876707,1.221760560080979,0.3490149731650368,1.7453574985347817,1.3963425253697452
88,8,0-1-2-6,0.8726634716915703,0.5236513815749033,0.8726947070358275,0.34901209011666695,1.7453581787273982,1.3963460886107313
88,9,0-1-2-6,1.2217304811658702,0.872720892274061,0.5236320612411604,0.34900958889181016,1.7453625424070303,1.3963529535152208
89,3,0-1-2-7,0.8726678588957026,1.2217187239747733,0.17451627383946156,0.3490508650790708,1.0471841327351652,1.3962349978142359
89,4,0-1-2-7,0.5236179452200114,0.8726536031537075,0.5235752016356268,0.3490356579336959,1.0471931468556384,1.3962288047893345
89,5,0-1-2-7,0.1745511829485306,0.5235763172665089,0.8726403620612927,0.3490251343179772,1.0471915450098235,1.396216679327801
89,6,0-1-2-7,0.174532060179157,0.17448560241468683,1.2217151560541586,0.34901766259384237,1.0471830958750032,1.3962007584688452
89,8,0-1-2-7,0.8726640488169075,0.5236556866628528,1.2217460706473033,0.349008362154054,2.094410119464211,1.7454017573101563
89,9,0-1-2-7,1.221730478957602,0.8727286780335353,0.8726820666365314,0.3490018009240673,2.094412545594133,1.7454107446700666
90,3,0-1-2-8,0.8726661783401144,1.221724597289388,0.1745394656173485,0.34905841894927336,0.6981267127227659,1.0471851316720397
90,4,0-1-2-8,0.5236083604449776,0.872645189523974,0.17452127013195384,0.3490368290789957,0.6981296305769332,1.0471664596559291
90,5,0-1-2-8,0.17455711707761137,0.5235875463722618,0.52357983012898,0.3490304292946513,0.6981369472065897,1.047167376501241
90,6,0-1-2-8,0.17451217571025257,0.17450926422216206,0.8726464760004108,0.34902143993241647,0.698134300290158,1.0471557402225744
90,7,0-1-2-8,0.5235978570142557,0.17458458713109754,1.2217240240822964,0.3490132698831579,0.6981261670680408,1.0471394369511986
90,9,0-1-2-8,1.221730477679855,0.872732121082641,1.221737700957945,0.3489983565972138,2.4434681786378003,2.0944698220405864
91,3,0-1-2-9,0.8726653605431567,1.2217275353458787,0.523599352219137,0.349062174802722,0.34906600832402,0.6981281831267416
91,4,0-1-2-9,0.5236110972517809,0.872654906673665,0.1745403628379058,0.3490438094218836,0.3490707344138755,0.6981145438357595
91,5,0-1-2-9,0.17455749223447165,0.5235931607792662,0.1745166177560465,0.3490356685447947,0.3490741099905181,0.6981097785353124
91,6,0-1-2-9,0.17450573333680397,0.17452109503753166,0.523579671438322,0.34902682837433446,0.34907393810151804,0.698100766475853
91,7,0-1-2-9,0.5235765565963293,0.17455875539953494,0.8726483116817239,0.34901780119679393,0.34907175508539484,0.6980895562821879
91,8,0-1-2-9,0.8726643373986199,0.5236571462743288,1.2217296939109832,0.34900719112429157,0.3490653565123636,0.6980725476366548
92,2,0-1-3-4,1.2217304764327437,1.2216408901062787,0.8725770869537509,2.4433713665390226,2.0943075633864945,0.3490638031525274
92,5,0-1-3-4,0.17455446748849746,0.8727202041416325,1.2217914713762867,0.698165736653135,1.0472370038877894,0.3490712672346537
92,6,0-1-3-4,0.17450705502059186,0.5236514545122071,0.8727200922339313,0.6981585095328,1.0472271472545245,0.3490686377217247
92,7,0-1-3-4,0.5235719620482135,0.17457919047707784,0.5236472480202734,0.6981511525252909,1.047219210068487,0.3490680575431959
92,8,0-1-3-4,0.8726435217935573,0.17450136339504993,0.17456710649546595,0.6981421583985077,1.047210628289023,0.34906846989051565
92,9,0-1-3-4,1.2217304770421396,0.52360140388506,0.17453078052355428,0.6981290731570792,1.0471996965185852,0.3490706233615059
93,2,0-1-3-5,1.2217304782254894,1.2216856814506958,0.5235580094546276,2.443416159676185,1.745288487680117,0.698127671996068
93,4,0-1-3-5,0.5236107663720143,1.221781053666414,1.221707853606032,0.6981702872943996,1.7453186199780464,2.443488907272446
93,6,0-1-3-5,0.17451999047623662,0.5236303664745534,1.2217435114853281,0.69815035695079,1.3962635019615648,0.6981131450107747
93,7,0-1-3-5,0.5235853692309294,0.17455871490200664,0.8726750352648777,0.698144084132937,1.396260404495807,0.6981163203628699
93,8,0-1-3-5,0.8726540742125038,0.17451676869479177,0.5236029077677719,0.6981373055177129,1.3962569819802755,0.6981196764625628
93,9,0-1-3-5,1.2217304767166093,0.523602308919276,0.17452234599520716,0.6981281677973336,1.3962528227118174,0.6981246549144838
94,2,0-1-3-6,1.2217304778715927,1.2217080784588932,0.17452373517251696,2.4434385563304866,1.3962542130441098,1.0471843432863763
94,4,0-1-3-6,0.5235909981743309,1.2217557631360385,0.872676969217722,0.6981647649617075,1.3962679673920528,2.0944327323537606
94,5,0-1-3-6,0.1745436960485214,0.8727016417323081,1.2217344028363317,0.6981579456837886,1.3962780988848513,2.09443604456864
94,7,0-1-3-6,0.523592072591961,0.17455264999825404,1.2217195717471327,0.6981447225902147,1.7453116443390937,1.0471669217488793
94,8,0-1-3-6,0.8726593501678113,0.17452020226044265,0.8726508123759351,0.6981391479073682,1.7453101625437462,1.0471710146363782
94,9,0-1-3-6,1.2217304763477665,0.5235983827274348,0.5235780058158724,0.6981320936203317,1.7453084821636389,1.0471763885433072
95,2,0-1-3-7,1.2217304773280595,1.2217192773041825,0.17452057314684763,2.443449754632242,1.0472099041812115,1.3962398504510305
95,4,0-1-3-7,0.5235887200446558,1.2217431203536517,0.5236234847953141,0.6981544003089959,1.04721220483997,1.7453666051489658
95,5,0-1-3-7,0.17453046524133356,0.8726831332092099,0.8726856681053003,0.6981526679678763,1.0472161333466337,1.7453688013145099
95,6,0-1-3-7,0.17452645801953737,0.5236238859285158,1.2217469440284556,0.6981503439480538,1.0472204860089176,1.7453708299569715
95,8,0-1-3-7,0.8726619879524474,0.17451877379725667,1.2217089542776713,0.6981432141551908,2.0943709422301184,1.3962277280749278
95,9,0-1-3-7,1.2217505589502116,0.5235985790892849,0.8726435285041351,0.6981519798609265,2.0943940874543467,1.3962421075934204
96,2,0-1-3-8,1.2217304769376283,1.2217248768157074,0.5235716346432402,2.4434553537533357,0.6981588422943883,1.7452965114589476
96,4,0-1-3-8,0.523593747845227,1.2217343794269229,0.17455955032438591,0.6981406315816959,0.6981532981696119,1.3962939297513077
96,5,0-1-3-8,0.17452963608659286,0.8726738796015545,0.5236240932764584,0.698144243514961,0.6981537293630521,1.3962979728780127
96,6,0-1-3-8,0.17453430059996175,0.5236113304439822,0.872688638113776,0.6981456310439434,0.6981543375138151,1.3962999685577586
96,7,0-1-3-8,0.5235954241740103,0.17455129415165896,1.2217518245871224,0.6981467183256692,0.6981564004131121,1.3963031187387813
96,9,0-1-3-8,1.2217405166545852,0.5235882580570299,1.2217118774471398,0.698152258597555,2.443452394101725,1.7453001355041697
97,2,0-1-3-9,1.221730476699236,1.2217276765954799,0.8726253718967564,2.4434581532947166,0.34910510480247936,2.094353048492237
97,4,0-1-3-9,0.5236031254053696,1.2217324273439456,0.17450808163388284,0.698129301938576,0.34909504377148654,1.0472243457100627
97,5,0-1-3-9,0.17453493070190942,0.8726692527843197,0.1745578512001436,0.6981343220824111,0.3490927819020533,1.0472271039844638
97,6,0-1-3-9,0.1745327888533812,0.5236050529654123,0.5236238166237428,0.6981378418187923,0.34909102777036294,1.047228869589155
97,7,0-1-3-9,0.5235994895531721,0.17454210950977792,0.8726890201028694,0.6981415990629504,0.3490895305496976,1.0472311296126477
97,8,0-1-3-9,0.8726633068336979,0.1745169787670852,1.221751229805923,0.6981463280666133,0.3490879229722251,1.0472342510388386
98,2,0-1-4-5,1.2217304765624903,0.8726856303288589,0.52360983087677,2.094416106891349,1.74534030743926,0.3490757994520896
98,3,0-1-4-5,0.8726655701951826,1.2217613671436471,0.8726806342238621,2.09442693733883,1.7453462044190446,0.3490807329197852
98,6,0-1-4-5,0.17452570698061112,0.8726574860897407,1.221737293646707,1.047183193070352,1.3962630006273182,0.3490798075569666
98,7,0-1-4-5,0.5235948325911515,0.5235928793837137,0.8726727309844379,1.0471877119748652,1.3962675635755892,0.34907985160072347
98,8,0-1-4-5,0.8726640330697408,0.17453009473138953,0.5236098150126884,1.047194127801129,1.3962738480824286,0.3490797202812997
98,9,0-1-4-5,1.221735495614253,0.17452717998338127,0.17455217255160346,1.0472083156308718,1.3962876681658567,0.34907935253498484
99,2,0-1-4-6,1.2217304758674667,0.8726751281496745,0.17452425645308525,2.0944056040171413,1.3962547323205514,0.6981508716965901
99,3,0-1-4-6,0.8726650980192013,1.2217478302296791,0.5235940265375787,2.0944129282488806,1.39625912455678,0.6981538036921008
99,5,0-1-4-6,0.17454358438650747,1.2217228763132533,1.2217093978898308,1.047179291926746,1.3962529822763383,2.4434322742030843
99,7,0-1-4-6,0.5235968040995915,0.5235958274885133,1.2217652322861194,1.0471926315881048,1.7453620363857114,0.6981694047976067
99,8,0-1-4-6,0.8726643295971676,0.17452575902844567,0.8726826493724776,1.0471900886256136,1.7453469789696452,0.6981568903440318
99,9,0-1-4-6,1.221732986822526,0.17453534022923392,0.5236207110331716,1.047197646593294,1.7453536978556972,0.6981560512624037
100,2,0-1-4-7,1.2217304757889895,0.8726698770806827,0.17453818627126416,2.0944003528696724,1.047192289517725,1.0472080633519472
100,3,0-1-4-7,0.8726648619473315,1.2217391532861872,0.17452784715316952,2.094404015233519,1.0471927091005007,1.047211306133018
100,5,0-1-4-7,0.17454067480759,1.2217266759383576,0.8726449561729718,1.0471860011307679,1.0471856309805618,2.0943716321113293
100,6,0-1-4-7,0.17452931607948205,0.8726539707481912,1.2216975977659352,1.0471832868276727,1.0471682816864534,2.0943515685141265
100,8,0-1-4-7,0.8726644778204571,0.1745205234492225,1.221708654096508,1.0471850012696802,2.094373131916965,1.0471881306472848
100,9,0-1-4-7,1.2217317319129453,0.17454353713921186,0.8726598872460808,1.0471881947737325,2.094391619159026,1.0472034243852935
101,2,0-1-4-8,1.2217304759119156,0.8726672515460375,0.5236008394566976,2.0943977274579533,0.6981296364552185,1.3962680910027345
101,3,0-1-4-8,0.8726647439399783,1.2217348148431906,0.17453284440828434,2.0943995587831687,0.698131899531694,1.396267659251475
101,5,0-1-4-8,0.17453491533398371,1.2217285753013374,0.5235995069220882,1.0471936599673541,0.6981344222560717,1.7453280822234256
101,6,0-1-4-8,0.17453154809339036,0.8726592981727068,0.8726660571471397,1.0471908462660984,0.6981345090537479,1.7453253553198467
101,7,0-1-4-8,0.5235977898533054,0.5235973015454726,1.2217425856608848,1.047195091398778,0.6981447958075796,1.7453398872063575
101,9,0-1-4-8,1.2217311040422993,0.17454177259627549,1.2217296478844826,1.0471893314460248,2.443460751926782,1.3962714204807571
102,2,0-1-4-9,1.2217304760613732,0.872665938776028,0.8726570604614311,2.0943964148374015,0.349073415599942,1.7453229992374593
102,3,0-1-4-9,0.8726646849519752,1.2217326456245055,0.5235894870615706,2.094397330576481,0.34907519789040464,1.7453221326860764
102,5,0-1-4-9,0.17453541357872612,1.2217295258458165,0.17454136085388566,1.047194112267091,0.34907677443261115,1.396270886699703
102,6,0-1-4-9,0.17453000247055028,0.8726619621088245,0.523606885686306,1.0471919645793746,0.3490768832157563,1.3962688477951306
102,7,0-1-4-9,0.5235982827284638,0.5235980385737474,0.8726781022558884,1.0471963213022113,0.34907981952742484,1.396276140829636
102,8,0-1-4-9,0.8726645518364171,0.17452426458793377,1.2217400378016643,1.047188816424351,0.3490754859652472,1.3962643023895982
103,2,0-1-5-6,1.2217362995112175,0.5235839641307599,0.17451819879960992,1.7453202636419776,1.3962544983108274,0.3490657653311503
103,3,0-1-5-6,0.8726646554665718,0.8726524216203706,0.5235877888248882,1.745317077086942,1.3962524442914601,0.3490646327954817
103,4,0-1-5-6,0.5236134572027512,1.2217070177155764,0.872641941336056,1.7453204749183275,1.3962553985388069,0.34906507637952133
103,7,0-1-5-6,0.5235985291648321,0.8726830181464903,1.2217591048141436,1.3962815473113226,1.7453576339789758,0.3490760866676538
103,8,0-1-5-6,0.872660010725764,0.5236093026816354,0.8726750609437246,1.3962693134073998,1.7453350716694886,0.349065758262089
103,9,0-1-5-6,1.2217307902033994,0.17453974755448165,0.5236058435693044,1.396270537757881,1.7453366337727039,0.3490660960148227
104,2,0-1-5-7,1.2217333882289552,0.5235913698498517,0.17454034443203373,1.7453247580788067,1.0471930437969221,0.6981317142818847
104,3,0-1-5-7,0.8726646407797616,0.872658523756262,0.1745265755752207,1.7453231645360237,1.047191216354983,0.6981319481810407
104,4,0-1-5-7,0.5236061164499127,1.22172187864509,0.5235861008340168,1.745327995095003,1.0471922172839296,0.6981357778110735
104,6,0-1-5-7,0.1745265647170961,1.2217435568002004,1.221713998450488,1.3962701215172986,1.0471874337333897,2.4434575552506885
104,8,0-1-5-7,0.8726623184077301,0.5236048352534637,1.221728984592906,1.3962671536611937,2.094391303000636,0.6981241493394427
104,9,0-1-5-7,1.2217306334292724,0.1745366587326627,0.8726655352568735,1.3962672921619352,2.0943961686861456,0.6981288765242107
105,2,0-1-5-8,1.2217319324322689,0.5235950727199852,0.523596271745573,1.745327005152254,0.6981356606866963,1.047191344465558
105,3,0-1-5-8,0.8726646334096271,0.8726615748571303,0.1745298468287922,1.745326208266757,0.6981347865808345,1.0471914216859228
105,4,0-1-5-8,0.523602446037053,1.2217332282314892,0.1745341750529123,1.7453356742685422,0.698136621089966,1.0471990531785762
105,6,0-1-5-8,0.1745340088707457,1.221737016241856,0.8726691785027331,1.3962710251126003,0.698135169631989,2.094406194744589
105,7,0-1-5-8,0.523598652391587,0.8726738220133319,1.2217382541753365,1.3962724744049184,0.6981396017837496,2.094412076188668
105,9,0-1-5-8,1.2217305549287532,0.17453634153140635,1.2217258905060613,1.39626689646016,2.443456445434814,1.0471895489746545
106,2,0-1-5-9,1.2217390170245268,0.523596924152345,0.8726592404987222,1.745335941176872,0.3490797765258045,1.3962561646510676
106,3,0-1-5-9,0.872664629713282,0.8726631004190235,0.5235893619512354,1.7453277301323056,0.34907526776204634,1.396252462370259
106,4,0-1-5-9,0.523600610824515,1.22173185229297,0.17452520727674015,1.7453324631174851,0.3490754035477751,1.3962570595697101
106,6,0-1-5-9,0.17453316227633392,1.2217337464114852,0.5236074495351367,1.396266908687818,0.34907428725880413,1.7453411959466216
106,7,0-1-5-9,0.523599438914762,0.8726692239822493,0.8726740860128686,1.3962686628970113,0.3490746470981063,1.7453433099951177
106,8,0-1-5-9,0.8726634722084369,0.5236045346049237,1.2217378442148845,1.3962680068133606,0.34907437200644764,1.7453423788198084
107,2,0-1-6-7,1.2217448920140945,0.1745263924808393,0.17453965574317457,1.3962712844949348,1.0472052362709194,0.34906604822401516
107,3,0-1-6-7,0.8726646278599924,0.5235944682865022,0.17452973078987555,1.3962590961464945,1.0471943586498682,0.34906473749662625
107,4,0-1-6-7,0.5235996932153724,0.8726611885896065,0.523595649764048,1.396260881804979,1.0471953429794203,0.3490655388255582
107,5,0-1-6-7,0.1745391799654968,1.2217217757552334,0.8726555900528681,1.396260955720731,1.0471947700183657,0.34906618570236503
107,8,0-1-6-7,0.8726640491243103,0.8726731013914084,1.221738863184557,1.7453371505157187,2.094402912308867,0.34906576179314813
107,9,0-1-6-7,1.2217305155939417,0.5236085038388996,0.8726736326194244,1.7453390194328418,2.0944041482133664,0.3490651287805247
108,2,0-1-6-8,1.2217376841662766,0.17452965884434224,0.5236007766087215,1.3962673430106187,0.6981369075575549,0.6981304354530637
108,3,0-1-6-8,0.8726646269398246,0.523596621935019,0.17453254491187023,1.3962612488748438,0.6981320820279537,0.6981291668468901
108,4,0-1-6-8,0.5235992344095102,0.8726633389829793,0.1745331460833044,1.3962625733924894,0.6981323804928152,0.6981301928996742
108,5,0-1-6-8,0.17453605259017152,1.22172612604086,0.5235957010290825,1.3962621786310323,0.6981317536192543,0.6981304250117778
108,7,0-1-6-8,0.5235965208131134,1.2217385387404138,1.2217287845911873,1.7453350595535275,0.6981322637780734,2.4434673233316015
108,9,0-1-6-8,1.221730496090868,0.5236047059638755,1.221734413422822,1.7453352020547432,2.4434649095136898,0.6981297074589465
109,2,0-1-6-9,1.2217340802731047,0.17453129202285303,0.8726601791208963,1.3962653722959575,0.3490739011522085,1.0471914711437489
109,3,0-1-6-9,0.8726646264734906,0.5235976987637708,0.5235930260871166,1.3962623252372615,0.3490716003863742,1.0471907248508874
109,4,0-1-6-9,0.523599005004953,0.8726639824881244,0.17452769796518852,1.3962629874930772,0.3490713070397633,1.047191680453314
109,5,0-1-6-9,0.17453448889831852,1.221728301204041,0.17453633410847685,1.3962627901023597,0.34907082300679526,1.0471919670955647
109,7,0-1-6-9,0.5235986246589922,1.2217345075402921,0.8726687868277865,1.745333132199284,0.3490701621687951,2.0944032943680786
109,8,0-1-6-9,0.8726643375721383,0.8726688636771702,1.2217341363906722,1.7453332012493084,0.3490697988185349,2.0944030000678424
110,2,0-1-7-8,1.221732278333379,0.1745349905407994,0.5235991746970583,1.04719728779258,0.6981331036363206,0.34906418415625895
110,3,0-1-7-8,0.8726693173855574,0.1745302705954177,0.17453489361699062,1.0471995879809766,0.6981344237685676,0.34906516421240874
110,4,0-1-7-8,0.523598890302265,0.5235972999364971,0.17453276937839113,1.0471961902387623,0.6981316596806566,0.34906453055810577
110,5,0-1-7-8,0.17453370705055044,0.8726623970828232,0.5235976297935148,1.0471961041333726,0.6981313368440639,0.3490647672893087
110,6,0-1-7-8,0.17452954564664094,1.2217255948749632,0.8726604523014472,1.0471960492283225,0.6981309066548061,0.34906514257351545
110,9,0-1-7-8,1.221730486273972,0.8726712482030646,1.221735852615205,2.094401734477037,2.443466338889177,0.3490646044121405
111,2,0-1-7-9,1.2217313773721934,0.1745339578712925,0.8726598464726549,1.0471974195009017,0.34907153089953774,0.6981258886013633
111,3,0-1-7-9,0.8726669716920548,0.17453159789616982,0.5235956370446002,1.047198569588224,0.3490713346474545,0.6981272349407691
111,4,0-1-7-9,0.5235988329508124,0.523598037765816,0.17452867062933333,1.0471968707166281,0.34907016232147825,0.6981267083951495
111,5,0-1-7-9,0.17453331612562079,0.8726635115382367,0.17453647511668302,1.047196827663858,0.34906979124230403,0.698127036421554
111,6,0-1-7-9,0.17453123542193638,1.2217280356258322,0.5236006174092313,1.047196800203895,0.34906938198729376,0.698127418216601
111,8,0-1-7-9,0.872664481788901,1.2217346868050538,1.2217329966923327,2.094399168593955,0.3490685149034322,2.4434676834973867
112,2,0-1-8-9,1.221730926887744,0.5235984326256123,0.8726593561449466,0.6981324942621322,0.3490715707427979,0.34906092351933504
112,3,0-1-8-9,0.8726657988457783,0.17453303941367312,0.5235946928812847,0.6981327594321064,0.34907110596449364,0.3490616534676128
112,4,0-1-8-9,0.5235988042747486,0.17453320710069797,0.17452852378846287,0.6981320113754479,0.34907028048628663,0.3490617308891618
112,5,0-1-8-9,0.17453312066279006,0.523598745146722,0.17453676383374933,0.6981318658095104,0.3490698844965378,0.349061981312973
112,6,0-1-8-9,0.17453208031026313,0.8726637392022064,0.5236015208629301,0.6981316588919436,0.34906944055266725,0.3490622183392759
112,7,0-1-8-9,0.5235971831034314,1.2217283372195646,0.8726659489176214,0.6981311541161334,0.34906876581419055,0.34906238830194286
113,4,0-1-2-3,0.5235987899364586,0.8726618213085217,1.2217280186492008,0.3490630313720629,0.6981292287127422,0.34906619734067934
113,5,0-1-2-3,0.17453302293126305,0.5235960839313158,0.872662726621994,0.34906306100005197,0.6981297036907306,0.3490666426906789
113,6,0-1-2-3,0.17453250275464452,0.17453058037962021,0.5235973944949097,0.3490630831342647,0.6981298972495548,0.3490668141152901
113,7,0-1-2-3,0.5235979793513245,0.17453487498218706,0.17453204756202978,0.3490631043691381,0.6981300269133548,0.34906692254421673
113,8,0-1-2-3,0.872664174433412,0.5236009462416592,0.17453386876122012,0.34906322819175284,0.6981303056721923,0.349067077480439
113,9,0-1-2-3,1.2217304813654486,0.872665782398422,0.523598071688652,0.3490646989670258,0.6981324096767965,0.3490677107097697
114,3,0-1-2-4,0.8726652124205246,1.2217286437484347,1.221728698599828,0.3490634313279101,2.0943939110203527,2.4434573423482626
114,5,0-1-2-4,0.1745329740653677,0.523596429421052,1.221732317996834,0.34906345535568406,1.0471993439314662,0.6981358885757821
114,6,0-1-2-4,0.17453271397718134,0.17453079110491154,0.8726666353815528,0.3490635050820918,1.0471993493587335,0.6981358442766413
114,7,0-1-2-4,0.5235983774747366,0.17453482777956372,0.5236009765740036,0.349063549695172,1.0471993540487399,0.6981358043535674
114,8,0-1-2-4,0.8726644002113041,0.5236007499489934,0.17453506786608514,0.3490636502623101,1.0471994680773904,0.69813581781508
114,9,0-1-2-4,1.221730478890878,0.8726660340072604,0.17452985190002795,0.3490644448836169,1.0472006269908503,0.6981361821072327
115,3,0-1-2-5,0.8726656176535822,1.221729560069233,0.8726621128791401,0.3490639424156505,1.745327730532722,2.0943916729483734
115,4,0-1-2-5,0.5235987827676156,0.8726621640813728,1.2217283432251111,0.3490633813137561,1.745327125992727,2.0943905073064837
115,6,0-1-2-5,0.17453281958831302,0.17453045373702133,1.221732713802678,0.34906327332533177,1.3962655333909904,1.0472022600656583
115,7,0-1-2-5,0.5235985765368453,0.17453533990184159,0.8726669588033229,0.34906323663500355,1.3962655353401685,1.0472022987051643
115,8,0-1-2-5,0.8726645131062861,0.5236012932755238,0.5236010947541356,0.3490632198307626,1.3962656078604219,1.0472023880296593
115,9,0-1-2-5,1.221730477660462,0.8726669632949972,0.1745357794688723,0.3490635143654649,1.396266257129335,1.0472027427638702
116,3,0-1-2-6,0.8726651218269398,1.2217295607678407,0.5235971002038727,0.3490644389409012,1.3962622220308125,1.7453266609717133
116,4,0-1-2-6,0.5235996553787133,0.8726633950376061,0.8726628078988103,0.349063739658893,1.3962624632775236,1.7453262029364163
116,5,0-1-2-6,0.17453294963241747,0.5235962651828786,1.2217290458934464,0.349063315550463,1.396261995525862,1.7453253110763243
116,7,0-1-2-6,0.5235986760675694,0.17453568127126692,1.2217319838250162,0.3490629947963029,1.7453306598925853,1.3962676650962826
116,8,0-1-2-6,0.8726619674729116,0.5236000344383732,0.8726652349822045,0.34906193303453864,1.745327202455116,1.3962652694205775
116,9,0-1-2-6,1.2217304770333581,0.8726677223599901,0.5236005925356381,0.34906275467336834,1.7453310695689959,1.3962683148956279
117,3,0-1-2-7,0.8726648739126057,1.2217298314902776,0.17453212881920377,0.34906495757767214,1.0471970027318092,1.396261960309481
117,4,0-1-2-7,0.523599877877236,0.8726640105147172,0.523597622158665,0.34906413263748093,1.047197500035901,1.3962616326733823
117,5,0-1-2-7,0.17453396717604713,0.5235975203909911,0.8726634295281204,0.34906355321494476,1.0471973967041663,1.396260949919111
117,6,0-1-2-7,0.17453287239385543,0.17453027236960325,1.2217297868381256,0.34906314476345857,1.0471969144442703,1.3962600592077283
117,8,0-1-2-7,0.8726632967337129,0.5236010995454188,1.2217295853472225,0.3490621971882942,2.094392882080936,1.745330684892641
117,9,0-1-2-7,1.2217267685366007,0.872666174178406,0.8726648198754584,0.34906059435819464,2.0943915884120594,1.7453309940538644
118,3,0-1-2-8,0.8726648129191348,1.2217301539350993,0.17453303342925625,0.34906534101596437,0.6981317794898788,1.0471971205058432
118,4,0-1-2-8,0.523599326737816,0.8726634729849717,0.17453269224977955,0.349064146247156,0.6981320189875962,1.0471961652347521
118,5,0-1-2-8,0.17453431690634566,0.5235981479946421,0.523598268918603,0.3490638310882952,0.6981325858249496,1.0471964169132453
118,6,0-1-2-8,0.17453174754662978,0.17453159878597221,0.8726643983211518,0.3490633463326002,0.6981326507745241,1.0471959971071232
118,7,0-1-2-8,0.5235987258331104,0.17453581594292375,1.221731486120453,0.34906290989018574,0.6981327602873431,1.0471956701775282
118,9,0-1-2-8,1.2217254259327341,0.8726654000885763,1.221729106124236,0.34906002584415696,2.44345453205697,2.0943945062128124
119,3,0-1-2-9,0.8726648438508519,1.2217303151632781,0.523598767072426,0.34906547131242693,0.3490660767784261,0.6981315480908519
119,4,0-1-2-9,0.5235995920277604,0.872664049489081,0.17453300759017729,0.34906445746132053,0.3490665844375833,0.6981310418989042
119,5,0-1-2-9,0.17453443374288571,0.5235984617963458,0.17453257161517705,0.34906402805345993,0.34906700535806223,0.6981310334115226
119,6,0-1-2-9,0.17453128463902315,0.17453226199371755,0.5235985399160398,0.3490635466327396,0.34906725527701704,0.6981308019097563
119,7,0-1-2-9,0.5235974271500744,0.1745343705691719,0.8726649631400497,0.3490630565809025,0.3490675359899746,0.6981305925708778
119,8,0-1-2-9,0.8726639613651127,0.523601591027331,1.221731881570864,0.34906237033778104,0.3490679202057516,0.6981302905435328
120,2,0-1-3-4,1.221730701635962,1.2217256637915792,0.8726603082767171,2.4434563654275414,2.094391009912679,0.34906535551486256
120,5,0-1-3-4,0.17453441309014775,0.8726673577461731,1.22173316392671,0.6981329446560239,1.0471987508365608,0.3490658061805378
120,6,0-1-3-4,0.17453116333461335,0.5236013439154449,0.8726669893782353,0.6981325072500582,1.0471981527128489,0.34906564546279045
120,7,0-1-3-4,0.5235969232989172,0.1745351350275197,0.5236007428114552,0.6981320583264362,1.0471976661103723,0.3490656077839369
120,8,0-1-3-4,0.8726627532814599,0.17453135066985204,0.17453424366093756,0.6981314026116082,1.0471969969423967,0.3490655943307891
120,9,0-1-3-4,1.2217279511590844,0.5235980675790155,0.17453245896760936,0.6981298835800687,1.0471954921914755,0.3490656086114068
121,2,0-1-3-5,1.2217305890216568,1.2217280700886004,0.5235967915093352,2.443458659110257,1.745327380530992,0.6981312785792649
121,4,0-1-3-5,0.5235996809425126,1.2217328988087832,1.2217292596572187,0.6981332178662714,1.7453289405997308,2.443462158466002
121,6,0-1-3-5,0.1745320442681392,0.5236002972933829,1.2217310295824158,0.6981323415615224,1.396263073850555,0.6981307322890327
121,7,0-1-3-5,0.5235978494496527,0.1745341713746327,0.8726650325958574,0.6981320208242853,1.39626288204551,0.6981308612212246
121,8,0-1-3-5,0.8726636896396138,0.1745320813367297,0.5235988893482906,0.6981316083028845,1.3962625789879044,0.6981309706850204
121,9,0-1-3-5,1.2217292137758182,0.5235984612668416,0.1745326464171439,0.6981307525089765,1.3962618601929608,0.6981311076839843
122,2,0-1-3-6,1.2217305327106702,1.2217292732409561,0.17453243596029927,2.4434598059516266,1.3962629686709689,1.0471968372806577
122,4,0-1-3-6,0.5235987078158161,1.221731687598019,0.8726649935055296,0.6981329797822035,1.3962637013213455,2.094396681103549
122,5,0-1-3-6,0.17453366914384946,0.8726663769113782,1.2217304791477677,0.6981327077675287,1.3962641482916174,2.0943968560591464
122,7,0-1-3-6,0.5235983125245216,0.17453381896978862,1.2217300125367494,0.6981321314943113,1.7453283250612714,1.0471961935669603
122,8,0-1-3-6,0.8726641578184594,0.17453231343629955,0.8726640141160816,0.6981318443821586,1.745328171934541,1.0471963275523826
122,9,0-1-3-6,1.221729845084534,0.5235985205413346,0.5235979701508808,0.6981313245431997,1.7453278152354144,1.0471964906922149
123,2,0-1-3-7,1.2217305045540126,1.2217298748181245,0.17453237740250394,2.443460379372137,1.0471981271515087,1.3962622522206283
123,4,0-1-3-7,0.5235985370716655,1.2217310819978902,0.5235997717854498,0.6981325449262247,1.047198308857115,1.7453308537833399
123,5,0-1-3-7,0.17453301971069618,0.8726655014527568,0.8726654554063613,0.6981324817420619,1.0471984751170564,1.745330956859118
123,6,0-1-3-7,0.1745324847343664,0.5235998990688252,1.221731131847588,0.6981323838031922,1.047198647113221,1.7453310309164134
123,8,0-1-3-7,0.8726643919075859,0.17453231746084544,1.2217294880308418,0.6981320744467415,2.094393879938428,1.3962618054916862
123,9,0-1-3-7,1.2217309691597964,0.5235986480697385,0.8726636931061968,0.6981323210900577,2.094394662265993,1.3962623411759352
124,2,0-1-3-8,1.2217304904754727,1.2217301756066834,0.5235974792849503,2.4434606660821565,0.6981330111905224,1.7453276548916339
124,4,0-1-3-8,0.5235986563350903,1.2217304892966065,0.17453411970928523,0.6981318329615165,0.6981327760443758,1.396264609005892
124,5,0-1-3-8,0.17453294513787798,0.8726650637249067,0.5235998853113601,0.6981321185870305,0.6981328304492368,1.396264949036267
124,6,0-1-3-8,0.17453284484506168,0.5235993373328717,0.8726656923447299,0.6981321821779325,0.6981328474996694,1.3962650296776018
124,7,0-1-3-8,0.5235985440614523,0.17453369249229153,1.221731471791508,0.6981322365537438,0.6981329277300563,1.3962651642837995
124,9,0-1-3-8,1.2217307227756105,0.5235982804540185,1.2217295487259139,0.6981324423215919,2.4434602715015243,1.7453278291799323
125,2,0-1-3-9,1.2217304834359157,1.2217303260012513,0.8726626996900263,2.443460809437167,0.34906778374588915,2.0943930256912777
125,4,0-1-3-9,0.5235990979705827,1.2217304828453774,0.17453174193519636,0.6981313848747952,0.3490673560353852,1.0471987409101804
125,5,0-1-3-9,0.1745331703720927,0.8726648448610427,0.17453409254389923,0.6981316744889502,0.3490672629159916,1.047198937404942
125,6,0-1-3-9,0.17453277891295788,0.5235990564654566,0.5235999606860807,0.6981318353784144,0.3490671817731231,1.0471990171515377
125,7,0-1-3-9,0.523598700521216,0.17453330884552273,0.8726658142056738,0.6981320093667384,0.3490671136844569,1.0471991230511961
125,8,0-1-3-9,0.8726645089521291,0.1745322769476234,1.2217315569179201,0.6981322320045061,0.3490670479657909,1.0471992799702972
126,2,0-1-4-5,1.2217304799160398,0.8726655866647348,0.5235993000807054,2.094396066580775,1.745329779996745,0.34906628658402966
126,3,0-1-4-5,0.8726648697308977,1.2217318346449995,0.8726652808265616,2.0943967043758973,1.7453301505574592,0.34906655381843793
126,6,0-1-4-5,0.1745324409301217,0.8726643689933988,1.221730826005642,1.0471968099235198,1.396263266935763,0.34906645701224354
126,7,0-1-4-5,0.5235984593762477,0.5235985524987152,0.8726650209536392,1.047197011874963,1.3962634803298868,0.34906646845492323
126,8,0-1-4-5,0.8726644917050927,0.17453281536208912,0.5235992841692961,1.0471973070671812,1.3962637758743892,0.34906646880720776
126,9,0-1-4-5,1.2217305995836827,0.17453264326437481,0.17453381230415485,1.047197956319307,1.396264411887839,0.3490664555685314
127,2,0-1-4-6,1.2217304781545837,0.8726651063309512,0.1745325064464608,2.0943955844855346,1.3962629846010448,0.6981325998844901
127,3,0-1-4-6,0.8726647478640651,1.2217312139821304,0.5235984729476229,2.0943959618461956,1.3962632208116874,0.6981327410345081
127,5,0-1-4-6,0.17453357538006634,1.221730226621644,1.2217293619371226,1.0471966512415782,1.3962629373171886,2.443459588558767
127,7,0-1-4-6,0.5235986174870831,0.5235986640482552,1.2217321497553735,1.0471972815353392,1.745330767242457,0.6981334857071179
127,8,0-1-4-6,0.8726645588513285,0.1745326034976769,0.8726655002681555,1.0471971623490062,1.7453300591194845,0.6981328967704776
127,9,0-1-4-6,1.221730537991861,0.17453302588873348,0.5235998292795541,1.0471975121031265,1.7453303672714149,0.6981328551682885
128,2,0-1-4-7,1.2217304772746242,0.8726648661641483,0.17453313597156084,2.0943953434387725,1.0471973413030637,1.0471980021357088
128,3,0-1-4-7,0.8726646869306053,1.2217308451889193,0.17453268746170214,2.094395532119524,1.0471973743923066,1.0471981577272178
128,5,0-1-4-7,0.1745333810969632,1.2217303515077274,0.8726636535909648,1.0471969704107642,1.0471970346879278,2.094394005098692
128,6,0-1-4-7,0.1745326830645032,0.8726641583631428,1.221728874507836,1.0471968414276451,1.047196191443334,2.0943930328709794
128,8,0-1-4-7,0.8726645924244375,0.17453233828890125,1.2217293908075018,1.0471969307133384,2.094393983231939,1.047197052518601
128,9,0-1-4-7,1.2217305071948845,0.1745334263227733,0.8726643604119565,1.0471970808721125,2.094394867606841,1.0471977867347286
129,2,0-1-4-8,1.2217304768349366,0.8726647460806939,0.5235987758718134,2.0943952229156304,0.6981317009631234,1.396263521952507
129,3,0-1-4-8,0.8726646564638565,1.221730660792426,0.174532841596018,2.0943953172562826,0.6981318148678386,1.3962635023884435
129,5,0-1-4-8,0.17453308543673077,1.221730413949765,0.5235988435332294,1.0471973285130356,0.6981319289699587,1.745329257482994
129,6,0-1-4-8,0.17453280861642806,0.8726643921796766,0.8726647341646826,1.0471972007961037,0.6981319255482554,1.7453291263443589
129,7,0-1-4-8,0.5235986965426651,0.5235987198232084,1.2217311133614086,1.047197416365874,0.698132416818743,1.7453298331846172
129,9,0-1-4-8,1.2217304917951486,0.1745333343003795,1.2217303617964765,1.047197157494769,2.4434608535916253,1.396263696096856
130,2,0-1-4-9,1.2217304766152761,0.8726646860389463,0.8726641023903899,2.0943951626542225,0.34906637422488584,1.745328788429336
130,3,0-1-4-9,0.8726646412304904,1.221730568594212,0.5235981855148442,2.0943952098247025,0.3490664557156458,1.7453287541090559
130,5,0-1-4-9,0.17453311878209807,1.2217304451729807,0.17453339794580383,1.0471973263908816,0.3490665167279021,1.3962638431187835
130,6,0-1-4-9,0.17453272776784517,0.8726645090884598,0.5235992409735498,1.0471972368563043,0.34906651320570525,1.3962637500620099
130,7,0-1-4-9,0.5235987360704866,0.5235987477107336,0.8726653940810424,1.0471974837812201,0.3490666580105557,1.396264141791776
130,8,0-1-4-9,0.8726646092105999,0.17453251584307758,1.2217310426736905,1.0471971250536776,0.3490664334630904,1.3962635585167682
131,2,0-1-5-6,1.2217308897040469,0.5235980628207139,0.17453221461431198,1.7453289525247606,1.3962631043183584,0.3490658482064028
131,3,0-1-5-6,0.8726646336138159,0.8726640773401542,0.5235982974150296,1.74532871095397,1.3962629310288452,0.3490657799251244
131,4,0-1-5-6,0.5235995968217602,1.221729335117638,0.8726635117635443,1.7453289319393983,1.3962631085853046,0.34906582335409353
131,7,0-1-5-6,0.5235987558343994,0.8726655560258346,1.221731985181544,1.3962643118602336,1.745330741015943,0.34906642915570935
131,8,0-1-5-6,0.8726643678198374,0.5235992970413519,0.8726651531804108,1.3962636648611888,1.745329521000248,0.3490658561390598
131,9,0-1-5-6,1.2217304840954784,0.17453329264575448,0.5235991625286324,1.3962637767412338,1.7453296466241106,0.34906586988287647
132,2,0-1-5-7,1.2217306830506882,0.5235984192094616,0.17453329098992587,1.7453291022601498,1.047197392060762,0.6981317101993877
132,3,0-1-5-7,0.8726646298056465,0.8726643516682849,0.17453263204814756,1.7453289814739312,1.0471972618537948,0.6981317196201365
132,4,0-1-5-7,0.5235991862101602,1.2217300210681372,0.5235981122165294,1.745329207278297,1.0471972984266893,0.6981319088516081
132,6,0-1-5-7,0.17453253457581278,1.2217311226643754,1.2217295150396843,1.3962636572401874,1.047196980463872,2.4434606377040597
132,8,0-1-5-7,0.8726644969085624,0.523599068120944,1.2217303512705555,1.3962635650295063,2.094394848179118,0.6981312831496118
132,9,0-1-5-7,1.221730480246304,0.1745331229796858,0.8726646759104834,1.3962636032259905,2.0943951561567875,0.6981315529307967
133,2,0-1-5-8,1.2217305797237834,0.5235985974037439,0.5235985967913807,1.7453291771275272,0.6981319829324025,1.0471971941951248
133,3,0-1-5-8,0.8726646279014674,0.8726644888326153,0.1745327037144254,1.7453291167340825,0.6981319241870412,1.0471971925470414
133,4,0-1-5-8,0.5235989809045696,1.2217305902843543,0.1745330293037814,1.745329571188924,0.6981320102083511,1.0471975609805728
133,6,0-1-5-8,0.17453294153765103,1.221730799529115,0.8726648707153981,1.3962637410667649,0.6981319291777482,2.0943956702445132
133,7,0-1-5-8,0.5235987657165837,0.8726650910114175,1.2217309413802222,1.3962638567280012,0.6981321756636387,2.0943960323916397
133,9,0-1-5-8,1.2217304783212213,0.17453310495241645,1.2217302144086755,1.3962635832736385,2.443460692729897,1.047197109456258
134,2,0-1-5-9,1.2217310045992322,0.5235986865009067,0.8726642942048942,1.7453296911001392,0.34906671039433823,1.3962629807058007
134,3,0-1-5-9,0.8726646269493428,0.8726645574148548,0.5235981921677834,1.7453291843641974,0.3490664347815592,1.3962627495826379
134,4,0-1-5-9,0.5235988782514671,1.2217305333401431,0.17453244119522782,1.7453294115916103,0.34906643705623996,1.3962629745353703
134,6,0-1-5-9,0.17453289236686828,1.221730637962886,0.5235992631637072,1.3962635303297544,0.34906637079683955,1.745329901126593
134,7,0-1-5-9,0.5235987893930562,0.8726648585042301,0.8726651753561507,1.3962636478972863,0.3490663859630946,1.7453300338603808
134,8,0-1-5-9,0.8726645614528602,0.52359906066026,1.2217309223130954,1.39626362211312,0.34906636086023546,1.7453299829733553
135,2,0-1-6-7,1.2217313555578846,0.17453259290033715,0.17453326463346577,1.3962639484582224,1.0471980909244183,0.34906585753380437
135,3,0-1-6-7,0.8726646264732661,0.5235985844304799,0.17453280836304821,1.3962632109037458,1.047197434836314,0.349065776067432
135,4,0-1-6-7,0.5235988269248981,0.8726644844626067,0.5235986649763148,1.3962633113875043,1.0471974919012126,0.34906581948629134
135,5,0-1-6-7,0.17453332852806822,1.2217300237693305,0.8726641508914621,1.3962633522973995,1.0471974794195311,0.34906587287786867
135,8,0-1-6-7,0.8726645937250881,0.8726650672187178,1.221730923616863,1.745329660943806,2.0943955173419515,0.34906585639814497
135,9,0-1-6-7,1.2217304773584254,0.5235992873830725,0.8726650938941397,1.7453297647414976,2.094395571252565,0.34906580651106744
136,2,0-1-6-8,1.2217309159766925,0.17453275904975438,0.5235988528052895,1.396263675026446,0.698132063171403,0.6981316118550435
136,3,0-1-6-8,0.8726646262352543,0.5235986800143319,0.17453285514103783,1.396263306249586,0.6981317710942159,0.6981315351553699
136,4,0-1-6-8,0.523598801261611,0.8726645555487751,0.17453297522634803,1.3962633568103862,0.6981317764879595,0.6981315803224266
136,5,0-1-6-8,0.17453312686398623,1.2217302500823881,0.5235986279468121,1.3962633769463744,0.6981317548107985,0.698131622135576
136,7,0-1-6-8,0.523598615485544,1.2217308978487103,1.2217303610582548,1.7453295133342543,0.6981317455727107,2.4434612589069653
136,9,0-1-6-8,1.2217304768776724,0.523599089998689,1.2217306507260999,1.7453295668763618,2.4434611276037725,0.6981315607274107
137,2,0-1-6-9,1.221730696186293,0.17453284212455708,0.8726643153317786,1.39626353831085,0.34906638085451464,1.0471971574563355
137,3,0-1-6-9,0.8726646261162253,0.5235987278062973,0.5235983829780442,1.3962633539225227,0.349066243138182,1.0471971107843412
137,4,0-1-6-9,0.5235987884299603,0.8726645907729591,0.17453256541166925,1.396263379202919,0.34906622301829143,1.0471971561846276
137,5,0-1-6-9,0.17453302603177243,1.2217303632391046,0.17453317278690827,1.3962633892708773,0.34906619881868145,1.0471971904521957
137,7,0-1-6-9,0.5235987336014992,1.2217306871222877,0.8726648850712501,1.745329420723787,0.3490661514697503,2.094395572193538
137,8,0-1-6-9,0.8726646098611955,0.8726648466079152,1.2217307410217868,1.7453294564691106,0.349066131160592,2.0943955876297022
138,2,0-1-7-8,1.2217305862911432,0.1745330073090972,0.5235987592821438,1.0471975789820462,0.6981318270089992,0.34906575197304696
138,3,0-1-7-8,0.8726649395954057,0.17453280643842237,0.1745330142420219,1.0471977460338275,0.6981319253533838,0.3490658206804445
138,4,0-1-7-8,0.5235987820141317,0.523598736241959,0.17453295716006886,1.0471975182560904,0.6981317391742,0.34906577908189035
138,5,0-1-7-8,0.1745329756156212,0.8726645525224045,0.5235987495385886,1.0471975281380257,0.6981317251542102,0.3490658029838151
138,6,0-1-7-8,0.17453268773171937,1.2217302325720318,0.872664388120391,1.0471975448403128,0.6981317003886721,0.34906584445164124
138,9,0-1-7-8,1.2217304766369508,0.8726649775135874,1.2217307405972058,2.094395454150538,2.4434612172341565,0.34906576308361875
139,2,0-1-7-9,1.221730531343603,0.17453296625427828,0.8726642899338923,1.0471975650893244,0.34906624140971065,0.6981313236796138
139,3,0-1-7-9,0.8726647827962956,0.174532865818917,0.5235985461218611,1.0471976486152135,0.34906623667443376,0.6981314119407793
139,4,0-1-7-9,0.5235987788062164,0.523598755920124,0.17453261776272183,1.0471975347263407,0.3490661610434953,0.6981313736828457
139,5,0-1-7-9,0.1745329504075325,0.8726645892597734,0.1745331903791441,1.0471975396673063,0.3490661407866769,0.698131398880629
139,6,0-1-7-9,0.1745328064655002,1.221730354483933,0.5235989235681653,1.0471975480184332,0.3490661171026654,0.698131430915768
139,8,0-1-7-9,0.8726646179292049,1.2217307085979314,1.2217306824794858,2.0943953265271364,0.34906606455028083,2.443461391077417
140,2,0-1-8-9,1.2217305038698256,0.5235987240043847,0.872664266663149,0.6981317798654411,0.34906623720667684,0.3490655426587644
140,3,0-1-8-9,0.8726647043967366,0.17453290106514888,0.5235984895976133,0.6981318033315882,0.34906621479912303,0.34906558853246505
140,4,0-1-8-9,0.5235987772022589,0.17453297859967154,0.17453261329873243,0.6981317558019297,0.34906616390352674,0.34906559189840314
140,5,0-1-8-9,0.1745329378034836,0.5235988133735013,0.17453320446916082,0.6981317511769861,0.3490661422726451,0.34906560890434085
140,6,0-1-8-9,0.17453286583244695,0.87266460910218,0.523598983182954,0.6981317432697334,0.34906611735050724,0.34906562591922663
140,7,0-1-8-9,0.5235986407019484,1.2217303581252237,0.8726647182204734,0.6981317174232753,0.3490660775185239,0.34906563990475065
141,4,0-1-2-3,0.5235987772022589,0.872664406773806,1.2217302537816552,0.3490656295715475,0.6981314765793972,0.3490658470078493
141,5,0-1-2-3,0.1745329378034836,0.5235985605342064,0.8726644809713259,0.3490656227307214,0.6981315431678409,0.34906592043711937
141,6,0-1-2-3,0.17453286583244695,0.17453275214796382,0.5235987030235368,0.34906561798041036,0.698131568855984,0.3490659508755734
141,7,0-1-2-3,0.5235987081501027,0.17453309695952499,0.1745328725627716,0.34906561119057766,0.6981315807128748,0.3490659695222968
141,8,0-1-2-3,0.872664576930858,0.5235989599708676,0.1745329634953595,0.34906561695999017,0.6981316134354997,0.3490659964755095
141,9,0-1-2-3,1.2217304765166175,0.872664778059373,0.5235987245173941,0.349065698457245,0.6981317519992233,0.3490660535419786
142,3,0-1-2-4,0.8726647043967366,1.2217304178782855,1.2217304998273684,0.34906571348154886,2.094395204224105,2.443460917705654
142,5,0-1-2-4,0.1745329378034836,0.5235985605342064,1.221730555777067,0.3490656227307214,1.0471976179735822,0.6981319952428604
142,6,0-1-2-4,0.17453286583244695,0.17453275214796382,0.8726647510344268,0.34906561798041036,1.0471976168668737,0.6981319988864633
142,7,0-1-2-4,0.523598741874185,0.1745330987357261,0.5235989590235886,0.349065643138457,1.0471977008977735,0.6981320577593161
142,8,0-1-2-4,0.872664601463992,0.5235989580739283,0.1745330911388518,0.34906564339006363,1.0471976926028435,0.6981320492127798
142,9,0-1-2-4,1.2217304764563814,0.8726647963517913,0.17453273110679351,0.3490656801045912,1.0471977453495889,0.6981320652449984
143,3,0-1-2-5,0.8726647043967366,1.2217304178782855,0.8726644782250881,0.34906571348154886,1.7453291826218245,2.0943948961033736
143,4,0-1-2-5,0.5235987772022589,0.872664406773806,1.221730303400116,0.3490656295715475,1.7453290806023742,2.094394710173922
143,6,0-1-2-5,0.17453286583244695,0.17453275214796382,1.22173070478976,0.34906561798041036,1.396263570622207,1.0471979526417967
143,7,0-1-2-5,0.5235987587362496,0.17453314159311112,0.8726648266206588,0.349065617143139,1.3962635853569083,1.047197968213769
143,8,0-1-2-5,0.8726646137306001,0.5235990020931958,0.5235989643338458,0.34906561163740474,1.396263578064446,1.0471979664270414
143,9,0-1-2-5,1.2217304764263464,0.8726648550596239,0.17453313101657175,0.3490656213667225,1.3962636074429176,1.0471979860761953
144,3,0-1-2-6,0.8726647043967366,1.2217304178782855,0.5235986190944643,0.34906571348154886,1.396263323491201,1.74532903697275
144,4,0-1-2-6,0.5235987772022589,0.872664406773806,0.8726644710643445,0.3490656295715475,1.3962632482666026,1.7453288778381502
144,5,0-1-2-6,0.1745329378034836,0.5235985605342064,1.2217303117216207,0.3490656227307214,1.3962632495251057,1.7453288722558271
144,7,0-1-2-6,0.523598767167281,0.17453317085179526,1.221730491910345,0.3490655963154849,1.7453292590776261,1.3962636627621408
144,8,0-1-2-6,0.8726643900136467,0.5235988888458107,0.8726645955236276,0.34906550116783625,1.7453289855372744,1.3962634843694384
144,9,0-1-2-6,1.221730476411265,0.8726649098090388,0.5235988524839437,0.3490655666022268,1.745329328895209,1.3962637622929825
145,3,0-1-2-7,0.8726647043967366,1.2217304178782855,0.17453274798994892,0.34906571348154886,1.0471974523866863,1.396263165868235
145,4,0-1-2-7,0.5235987772022589,0.872664406773806,0.5235986350784143,0.3490656295715475,1.0471974122806722,1.3962630418522197
145,5,0-1-2-7,0.1745329378034836,0.5235985605342064,0.8726645027456188,0.3490656227307214,1.0471974405491036,1.396263063279825
145,6,0-1-2-7,0.17453286583244695,0.17453275214796382,1.221730375879777,0.34906561798041036,1.0471975100473303,1.3962631280277407
145,8,0-1-2-7,0.8726645080053468,0.523598972494868,1.2217304094964108,0.34906553551047853,2.0943949175017575,1.7453293819912785
145,9,0-1-2-7,1.2217301759095405,0.8726647679031222,0.8726646529694391,0.3490654080064183,2.0943948288789795,1.7453294208725614
146,3,0-1-2-8,0.8726647043967366,1.2217304178782855,0.1745330403916764,0.34906571348154886,0.6981316640050603,1.0471973774866092
146,4,0-1-2-8,0.5235987772022589,0.872664406773806,0.17453287774734846,0.3490656295715475,0.6981316549496052,1.0471972845211526
146,5,0-1-2-8,0.1745329378034836,0.5235985605342064,0.5235987562724143,0.3490656227307214,0.6981316940758988,1.0471973168066206
146,6,0-1-2-8,0.17453286583244695,0.17453275214796382,0.8726646190318632,0.34906561798041036,0.6981317531994166,1.0471973711798268
146,7,0-1-2-8,0.5235987713827897,0.17453317549447941,1.2217305773429956,0.3490655958883099,0.6981318059602055,1.0471974018485157
146,9,0-1-2-8,1.2217300498429418,0.8726646969501518,1.2217303505421089,0.34906535289279034,2.443460400385051,2.094395047492261
147,3,0-1-2-9,0.8726647043967366,1.2217304178782855,0.5235988014502103,0.34906571348154886,0.34906590294652606,0.6981316164280752
147,4,0-1-2-9,0.5235987772022589,0.872664406773806,0.17453283607407566,0.3490656295715475,0.3490659411281842,0.6981315706997313
147,5,0-1-2-9,0.1745329378034836,0.5235985605342064,0.17453306002702423,0.3490656227307214,0.3490659978305093,0.6981316205612303
147,6,0-1-2-9,0.17453286583244695,0.17453275214796382,0.5235989278180431,0.34906561798041036,0.34906606198559614,0.698131679966007
147,7,0-1-2-9,0.5235987713827897,0.17453317549447941,0.8726649042127029,0.3490655958883099,0.34906613282991267,0.6981317287182233
147,8,0-1-2-9,0.8726645670012425,0.5235990170719866,1.221730826454453,0.3490655499292571,0.34906625945321146,0.6981318093824672
148,2,0-1-3-4,1.2217304901328778,1.221730390499816,0.8726645016235266,2.4434608806326943,2.0943949917564044,0.34906588887628964
148,5,0-1-3-4,0.1745329378034836,0.8726644809713259,1.221730555777067,0.6981315431678409,1.0471976179735822,0.3490660748057418
148,6,0-1-3-4,0.17453286583244695,0.5235987030235368,0.8726647510344268,0.698131568855984,1.0471976168668737,0.3490660480108897
148,7,0-1-3-4,0.5235987713827897,0.1745327805712234,0.5235987934635282,0.6981315519540133,1.0471975648463183,0.34906601289230466
148,8,0-1-3-4,0.8726645670012425,0.17453306434771537,0.17453291749403163,0.698131502653528,1.047197484495274,0.34906598184174625
148,9,0-1-3-4,1.2217300498429418,0.5235987798824113,0.1745328452777791,0.6981312699605303,1.0471972045651639,0.34906593460463325
149,2,0-1-3-5,1.2217304901328778,1.221730390499816,0.5235985534505156,2.4434608806326943,1.745329043583394,0.6981318370493002
149,4,0-1-3-5,0.5235987772022589,1.2217302537816552,1.221730303400116,0.6981314765793972,1.7453290806023742,2.443460557181772
149,6,0-1-3-5,0.17453286583244695,0.5235987030235368,1.22173070478976,0.698131568855984,1.396263570622207,0.698132001766223
149,7,0-1-3-5,0.5235987713827897,0.1745327805712234,0.8726647202089337,0.6981315519540133,1.3962634915917236,0.6981319396377103
149,8,0-1-3-5,0.8726645670012425,0.17453306434771537,0.5235988333815744,0.698131502653528,1.3962634003828165,0.6981318977292891
149,9,0-1-3-5,1.2217300498429418,0.5235987798824113,0.1745330530337338,0.6981312699605303,1.3962631028766754,0.6981318329161451
150,2,0-1-3-6,1.2217304901328778,1.221730390499816,0.17453272475834689,2.4434608806326943,1.3962632148912244,1.0471976657414694
150,4,0-1-3-6,0.5235987772022589,1.2217302537816552,0.8726644710643445,0.6981314765793972,1.3962632482666026,2.0943947248459995
150,5,0-1-3-6,0.1745329378034836,0.8726644809713259,1.2217303117216207,0.6981315431678409,1.3962632495251057,2.0943947926929467
150,7,0-1-3-6,0.5235987713827897,0.1745327805712234,1.2217304841531873,0.6981315519540133,1.7453292555359774,1.047197703581964
150,8,0-1-3-6,0.8726645670012425,0.17453306434771537,0.8726646077005374,0.698131502653528,1.7453291747017796,1.0471976720482523
150,9,0-1-3-6,1.2217300498429418,0.5235987798824113,0.5235988223211258,0.6981312699605303,1.745328872164068,1.0471976022035376
151,2,0-1-3-7,1.2217304901328778,1.221730390499816,0.17453314115603913,2.4434608806326943,1.0471973489768394,1.3962635316558547
151,4,0-1-3-7,0.5235987772022589,1.2217302537816552,0.5235986350784143,0.6981314765793972,1.0471974122806722,1.7453288888600693
151,5,0-1-3-7,0.1745329378034836,0.8726644809713259,0.8726645027456188,0.6981315431678409,1.0471974405491036,1.7453289837169443
151,6,0-1-3-7,0.17453286583244695,0.5235987030235368,1.221730375879777,0.698131568855984,1.0471975100473303,1.7453290789033142
151,8,0-1-3-7,0.8726645670012425,0.17453306434771537,1.2217304429462335,0.698131502653528,2.0943950099474757,1.3962635072939484
151,9,0-1-3-7,1.2217300498429418,0.5235987798824113,0.872664639483295,0.6981312699605303,2.094394689326237,1.3962634193657066
152,2,0-1-3-8,1.2217304901328778,1.221730390499816,0.5235989328790969,2.4434608806326943,0.6981315572537814,1.7453293233789124
152,4,0-1-3-8,0.5235987772022589,1.2217302537816552,0.17453287774734846,0.6981314765793972,0.6981316549496052,1.396263131529002
152,5,0-1-3-8,0.1745329378034836,0.8726644809713259,0.5235987562724143,0.6981315431678409,0.6981316940758988,1.39626323724374
152,6,0-1-3-8,0.17453286583244695,0.5235987030235368,0.8726646190318632,0.698131568855984,0.6981317531994166,1.3962633220554004
152,7,0-1-3-8,0.5235987713827897,0.1745327805712234,1.2217305773429956,0.6981315519540133,0.6981318059602055,1.396263357914219
152,9,0-1-3-8,1.2217300498429418,0.5235987798824113,1.2217303505421089,0.6981312699605303,2.443460400385051,1.7453291304245206
153,2,0-1-3-9,1.2217304901328778,1.221730390499816,0.872664729594162,2.4434608806326943,0.34906576053871613,2.094395120093978
153,4,0-1-3-9,0.5235987772022589,1.2217302537816552,0.17453283607407566,0.6981314765793972,0.3490659411281842,1.047197417707581
153,5,0-1-3-9,0.1745329378034836,0.8726644809713259,0.17453306002702423,0.6981315431678409,0.3490659978305093,1.0471975409983496
153,6,0-1-3-9,0.17453286583244695,0.5235987030235368,0.5235989278180431,0.698131568855984,0.34906606198559614,1.0471976308415805
153,7,0-1-3-9,0.5235987713827897,0.1745327805712234,0.8726649042127029,0.6981315519540133,0.34906613282991267,1.0471976847839264
153,8,0-1-3-9,0.8726645670012425,0.17453306434771537,1.221730826454453,0.698131502653528,0.34906625945321146,1.0471977621067383
154,2,0-1-4-5,1.2217304901328778,0.8726645016235266,0.5235985534505156,2.0943949917564044,1.745329043583394,0.3490659481730103
154,3,0-1-4-5,0.8726647043967366,1.2217304998273684,0.8726644782250881,2.094395204224105,1.7453291826218245,0.34906602160228006
154,6,0-1-4-5,0.17453286583244695,0.8726647510344268,1.22173070478976,1.0471976168668737,1.396263570622207,0.3490659537553332
154,7,0-1-4-5,0.5235987713827897,0.5235987934635282,0.8726647202089337,1.0471975648463183,1.3962634915917236,0.3490659267454055
154,8,0-1-4-5,0.8726645670012425,0.17453291749403163,0.5235988333815744,1.047197484495274,1.3962634003828165,0.34906591588754265
154,9,0-1-4-5,1.2217300498429418,0.1745328452777791,0.1745330530337338,1.0471972045651639,1.3962631028766754,0.3490658983115124
155,2,0-1-4-6,1.2217304901328778,0.8726645016235266,0.17453272475834689,2.0943949917564044,1.3962632148912244,0.6981317768651798
155,3,0-1-4-6,0.8726647043967366,1.2217304998273684,0.5235986190944643,2.094395204224105,1.396263323491201,0.6981318807329039
155,5,0-1-4-6,0.1745329378034836,1.221730555777067,1.2217303117216207,1.0471976179735822,1.3962632495251057,2.4434608674986884
155,7,0-1-4-6,0.5235987713827897,0.5235987934635282,1.2217304841531873,1.0471975648463183,1.7453292555359774,0.698131690689659
155,8,0-1-4-6,0.8726645670012425,0.17453291749403163,0.8726646077005374,1.047197484495274,1.7453291747017796,0.6981316902065059
155,9,0-1-4-6,1.2217300498429418,0.1745328452777791,0.5235988223211258,1.0471972045651639,1.745328872164068,0.6981316675989043
156,2,0-1-4-7,1.2217304901328778,0.8726645016235266,0.17453314115603913,2.0943949917564044,1.0471973489768394,1.0471976427795653
156,3,0-1-4-7,0.8726647043967366,1.2217304998273684,0.17453274798994892,2.094395204224105,1.0471974523866863,1.0471977518374187
156,5,0-1-4-7,0.1745329378034836,1.221730555777067,0.8726645027456188,1.0471976179735822,1.0471974405491036,2.094395058522686
156,6,0-1-4-7,0.17453286583244695,0.8726647510344268,1.221730375879777,1.0471976168668737,1.0471975100473303,2.094395126914204
156,8,0-1-4-7,0.8726645670012425,0.17453291749403163,1.2217304429462335,1.047197484495274,2.0943950099474757,1.047197525452202
156,9,0-1-4-7,1.2217300498429418,0.1745328452777791,0.872664639483295,1.0471972045651639,2.094394689326237,1.0471974847610732
157,2,0-1-4-8,1.2217304901328778,0.8726645016235266,0.5235989328790969,2.0943949917564044,0.6981315572537814,1.396263434502623
157,3,0-1-4-8,0.8726647043967366,1.2217304998273684,0.1745330403916764,2.094395204224105,0.6981316640050603,1.3962635402190446
157,5,0-1-4-8,0.1745329378034836,1.221730555777067,0.5235987562724143,1.0471976179735822,0.6981316940758988,1.7453293120494813
157,6,0-1-4-8,0.17453286583244695,0.8726647510344268,0.8726646190318632,1.0471976168668737,0.6981317531994166,1.7453293700662897
157,7,0-1-4-8,0.5235987713827897,0.5235987934635282,1.2217305773429956,1.0471975648463183,0.6981318059602055,1.745329370806524
157,9,0-1-4-8,1.2217300498429418,0.1745328452777791,1.2217303505421089,1.0471972045651639,2.443460400385051,1.396263195819887
158,2,0-1-4-9,1.2217304901328778,0.8726645016235266,0.872664729594162,2.0943949917564044,0.34906576053871613,1.745329231217688
158,3,0-1-4-9,0.8726647043967366,1.2217304998273684,0.5235988014502103,2.094395204224105,0.34906590294652606,1.7453293012775788
158,5,0-1-4-9,0.1745329378034836,1.221730555777067,0.17453306002702423,1.0471976179735822,0.3490659978305093,1.396263615804091
158,6,0-1-4-9,0.17453286583244695,0.8726647510344268,0.5235989278180431,1.0471976168668737,0.34906606198559614,1.39626367885247
158,7,0-1-4-9,0.5235987713827897,0.5235987934635282,0.8726649042127029,1.0471975648463183,0.34906613282991267,1.3962636976762315
158,8,0-1-4-9,0.8726645670012425,0.17453291749403163,1.221730826454453,1.047197484495274,0.34906625945321146,1.3962637439484848
159,2,0-1-5-6,1.2217304901328778,0.5235985534505156,0.17453272475834689,1.745329043583394,1.3962632148912244,0.34906582869216934
159,3,0-1-5-6,0.8726647043967366,0.8726644782250881,0.5235986190944643,1.7453291826218245,1.396263323491201,0.3490658591306236
159,4,0-1-5-6,0.5235987772022589,1.221730303400116,0.8726644710643445,1.7453290806023742,1.3962632482666026,0.3490658323357712
159,7,0-1-5-6,0.5235987713827897,0.8726647202089337,1.2217304841531873,1.3962634915917236,1.7453292555359774,0.34906576394425437
159,8,0-1-5-6,0.8726645670012425,0.5235988333815744,0.8726646077005374,1.3962634003828165,1.7453291747017796,0.34906577431896385
159,9,0-1-5-6,1.2217300498429418,0.1745330530337338,0.5235988223211258,1.3962631028766754,1.745328872164068,0.349065769287393
160,2,0-1-5-7,1.2217304901328778,0.5235985534505156,0.17453314115603913,1.745329043583394,1.0471973489768394,0.6981316946065544
160,3,0-1-5-7,0.8726647043967366,0.8726644782250881,0.17453274798994892,1.7453291826218245,1.0471974523866863,0.6981317302351386
160,4,0-1-5-7,0.5235987772022589,1.221730303400116,0.5235986350784143,1.7453290806023742,1.0471974122806722,0.6981316683217019
160,6,0-1-5-7,0.17453286583244695,1.22173070478976,1.221730375879777,1.396263570622207,1.0471975100473303,2.4434610806695374
160,8,0-1-5-7,0.8726645670012425,0.5235988333815744,1.2217304429462335,1.3962634003828165,2.0943950099474757,0.6981316095646594
160,9,0-1-5-7,1.2217300498429418,0.1745330530337338,0.872664639483295,1.3962631028766754,2.094394689326237,0.6981315864495615
161,2,0-1-5-8,1.2217304901328778,0.5235985534505156,0.5235989328790969,1.745329043583394,0.6981315572537814,1.0471974863296125
161,3,0-1-5-8,0.8726647043967366,0.8726644782250881,0.1745330403916764,1.7453291826218245,0.6981316640050603,1.0471975186167644
161,4,0-1-5-8,0.5235987772022589,1.221730303400116,0.17453287774734846,1.7453290806023742,0.6981316549496052,1.0471974256527692
161,6,0-1-5-8,0.17453286583244695,1.22173070478976,0.8726646190318632,1.396263570622207,0.6981317531994166,2.0943953238216233
161,7,0-1-5-8,0.5235987713827897,0.8726647202089337,1.2217305773429956,1.3962634915917236,0.6981318059602055,2.0943952975519293
161,9,0-1-5-8,1.2217300498429418,0.1745330530337338,1.2217303505421089,1.3962631028766754,2.443460400385051,1.0471972975083756
162,2,0-1-5-9,1.2217304901328778,0.5235985534505156,0.872664729594162,1.745329043583394,0.34906576053871613,1.3962632830446777
162,3,0-1-5-9,0.8726647043967366,0.8726644782250881,0.5235988014502103,1.7453291826218245,0.34906590294652606,1.3962632796752985
162,4,0-1-5-9,0.5235987772022589,1.221730303400116,0.17453283607407566,1.7453290806023742,0.3490659411281842,1.3962631394741907
162,6,0-1-5-9,0.17453286583244695,1.22173070478976,0.5235989278180431,1.396263570622207,0.34906606198559614,1.7453296326078034
162,7,0-1-5-9,0.5235987713827897,0.8726647202089337,0.8726649042127029,1.3962634915917236,0.34906613282991267,1.7453296244216367
162,8,0-1-5-9,0.8726645670012425,0.5235988333815744,1.221730826454453,1.3962634003828165,0.34906625945321146,1.7453296598360273
163,2,0-1-6-7,1.2217304901328778,0.17453272475834689,0.17453314115603913,1.3962632148912244,1.0471973489768394,0.34906586591438576
163,3,0-1-6-7,0.8726647043967366,0.5235986190944643,0.17453274798994892,1.396263323491201,1.0471974523866863,0.34906587110451465
163,4,0-1-6-7,0.5235987772022589,0.8726644710643445,0.5235986350784143,1.3962632482666026,1.0471974122806722,0.3490658359859307
163,5,0-1-6-7,0.1745329378034836,1.2217303117216207,0.8726645027456188,1.3962632495251057,1.0471974405491036,0.3490658089760027
163,8,0-1-6-7,0.8726645670012425,0.8726646077005374,1.2217304429462335,1.7453291747017796,2.0943950099474757,0.3490658352456964
163,9,0-1-6-7,1.2217300498429418,0.5235988223211258,0.872664639483295,1.745328872164068,2.094394689326237,0.34906581716216833
164,2,0-1-6-8,1.2217304901328778,0.17453272475834689,0.5235989328790969,1.3962632148912244,0.6981315572537814,0.6981316576374432
164,3,0-1-6-8,0.8726647043967366,0.5235986190944643,0.1745330403916764,1.396263323491201,0.6981316640050603,0.6981316594861406
164,4,0-1-6-8,0.5235987772022589,0.8726644710643445,0.17453287774734846,1.3962632482666026,0.6981316549496052,0.6981315933169978
164,5,0-1-6-8,0.1745329378034836,1.2217303117216207,0.5235987562724143,1.3962632495251057,0.6981316940758988,0.6981315554492066
164,7,0-1-6-8,0.5235987713827897,1.2217304841531873,1.2217305773429956,1.7453292555359774,0.6981318059602055,2.443461061496183
164,9,0-1-6-8,1.2217300498429418,0.5235988223211258,1.2217303505421089,1.745328872164068,2.443460400385051,0.6981315282209828
165,2,0-1-6-9,1.2217304901328778,0.17453272475834689,0.872664729594162,1.3962632148912244,0.34906576053871613,1.0471974543525084
165,3,0-1-6-9,0.8726647043967366,0.5235986190944643,0.5235988014502103,1.396263323491201,0.34906590294652606,1.0471974205446748
165,4,0-1-6-9,0.5235987772022589,0.8726644710643445,0.17453283607407566,1.3962632482666026,0.3490659411281842,1.047197307138419
165,5,0-1-6-9,0.1745329378034836,1.2217303117216207,0.17453306002702423,1.3962632495251057,0.3490659978305093,1.047197251694597
165,7,0-1-6-9,0.5235987713827897,1.2217304841531873,0.8726649042127029,1.7453292555359774,0.34906613282991267,2.0943953883658906
165,8,0-1-6-9,0.8726645670012425,0.8726646077005374,1.221730826454453,1.7453291747017796,0.34906625945321146,2.0943954341549906
166,2,0-1-7-8,1.2217304901328778,0.17453314115603913,0.5235989328790969,1.0471973489768394,0.6981315572537814,0.34906579172305835
166,3,0-1-7-8,0.8726647043967366,0.17453274798994892,0.1745330403916764,1.0471974523866863,0.6981316640050603,0.3490657883816258
166,4,0-1-7-8,0.5235987772022589,0.5235986350784143,0.17453287774734846,1.0471974122806722,0.6981316549496052,0.3490657573310671
166,5,0-1-7-8,0.1745329378034836,0.8726645027456188,0.5235987562724143,1.0471974405491036,0.6981316940758988,0.349065746473205
166,6,0-1-7-8,0.17453286583244695,1.221730375879777,0.8726646190318632,1.0471975100473303,0.6981317531994166,0.34906575684791463
166,9,0-1-7-8,1.2217300498429418,0.872664639483295,1.2217303505421089,2.094394689326237,2.443460400385051,0.3490657110588136
167,2,0-1-7-9,1.2217304901328778,0.17453314115603913,0.872664729594162,1.0471973489768394,0.34906576053871613,0.6981315884381233
167,3,0-1-7-9,0.8726647043967366,0.17453274798994892,0.5235988014502103,1.0471974523866863,0.34906590294652606,0.6981315494401601
167,4,0-1-7-9,0.5235987772022589,0.5235986350784143,0.17453283607407566,1.0471974122806722,0.3490659411281842,0.6981314711524885
167,5,0-1-7-9,0.1745329378034836,0.8726645027456188,0.17453306002702423,1.0471974405491036,0.3490659978305093,0.6981314427185951
167,6,0-1-7-9,0.17453286583244695,1.221730375879777,0.5235989278180431,1.0471975100473303,0.34906606198559614,0.6981314480617336
167,8,0-1-7-9,0.8726645670012425,1.2217304429462335,1.221730826454453,2.0943950099474757,0.34906625945321146,2.4434612694006868
168,2,0-1-8-9,1.2217304901328778,0.5235989328790969,0.872664729594162,0.6981315572537814,0.34906576053871613,0.34906579671506566
168,3,0-1-8-9,0.8726647043967366,0.1745330403916764,0.5235988014502103,0.6981316640050603,0.34906590294652606,0.34906576105853426
168,4,0-1-8-9,0.5235987772022589,0.17453287774734846,0.17453283607407566,0.6981316549496052,0.3490659411281842,0.3490657138214215
168,5,0-1-8-9,0.1745329378034836,0.5235987562724143,0.17453306002702423,0.6981316940758988,0.3490659978305093,0.3490656962453903
168,6,0-1-8-9,0.17453286583244695,0.8726646190318632,0.5235989278180431,0.6981317531994166,0.34906606198559614,0.3490656912138197
168,7,0-1-8-9,0.5235987713827897,1.2217305773429956,0.8726649042127029,0.6981318059602055,0.34906613282991267,0.34906567313029196
169,4,0-1-2-3,0.5235987772022589,0.872664406773806,1.2217302537816552,0.3490656295715475,0.6981314765793972,0.3490658470078493
169,5,0-1-2-3,0.1745329378034836,0.5235985605342064,0.8726644809713259,0.3490656227307214,0.6981315431678409,0.34906592043711937
169,6,0-1-2-3,0.17453286583244695,0.17453275214796382,0.5235987030235368,0.34906561798041036,0.698131568855984,0.3490659508755734
169,7,0-1-2-3,0.5235987713827897,0.17453317549447941,0.1745327805712234,0.3490655958883099,0.6981315519540133,0.34906595606570334
169,8,0-1-2-3,0.8726645670012425,0.5235990170719866,0.17453306434771537,0.3490655499292571,0.698131502653528,0.34906595272427166
169,9,0-1-2-3,1.2217300498429418,0.8726646969501518,0.5235987798824113,0.34906535289279034,0.6981312699605303,0.34906591706773993
170,3,0-1-2-4,0.8726647043967366,1.2217304178782855,1.2217304998273684,0.34906571348154886,2.094395204224105,2.443460917705654
170,5,0-1-2-4,0.1745329378034836,0.5235985605342064,1.221730555777067,0.3490656227307214,1.0471976179735822,0.6981319952428604
170,6,0-1-2-4,0.17453286583244695,0.17453275214796382,0.8726647510344268,0.34906561798041036,1.0471976168668737,0.6981319988864633
170,7,0-1-2-4,0.5235987713827897,0.17453317549447941,0.5235987934635282,0.3490655958883099,1.0471975648463183,0.6981319689580081
170,8,0-1-2-4,0.8726645670012425,0.5235990170719866,0.17453291749403163,0.3490655499292571,1.047197484495274,0.698131934566018
170,9,0-1-2-4,1.2217300498429418,0.8726646969501518,0.1745328452777791,0.34906535289279034,1.0471972045651639,0.6981318516723741
171,3,0-1-2-5,0.8726647043967366,1.2217304178782855,0.8726644782250881,0.34906571348154886,1.7453291826218245,2.0943948961033736
171,4,0-1-2-5,0.5235987772022589,0.872664406773806,1.221730303400116,0.3490656295715475,1.7453290806023742,2.094394710173922
171,6,0-1-2-5,0.17453286583244695,0.17453275214796382,1.22173070478976,0.34906561798041036,1.396263570622207,1.0471979526417967
171,7,0-1-2-5,0.5235987713827897,0.17453317549447941,0.8726647202089337,0.3490655958883099,1.3962634915917236,1.0471978957034136
171,8,0-1-2-5,0.8726645670012425,0.5235990170719866,0.5235988333815744,0.3490655499292571,1.3962634003828165,1.0471978504535604
171,9,0-1-2-5,1.2217300498429418,0.8726646969501518,0.1745330530337338,0.34906535289279034,1.3962631028766754,1.0471977499838854
172,3,0-1-2-6,0.8726647043967366,1.2217304178782855,0.5235986190944643,0.34906571348154886,1.396263323491201,1.74532903697275
172,4,0-1-2-6,0.5235987772022589,0.872664406773806,0.8726644710643445,0.3490656295715475,1.3962632482666026,1.7453288778381502
172,5,0-1-2-6,0.1745329378034836,0.5235985605342064,1.2217303117216207,0.3490656227307214,1.3962632495251057,1.7453288722558271
172,7,0-1-2-6,0.5235987713827897,0.17453317549447941,1.2217304841531873,0.3490655958883099,1.7453292555359774,1.3962636596476672
172,8,0-1-2-6,0.8726645670012425,0.5235990170719866,0.8726646077005374,0.3490655499292571,1.7453291747017796,1.3962636247725233
172,9,0-1-2-6,1.2217300498429418,0.8726646969501518,0.5235988223211258,0.34906535289279034,1.745328872164068,1.396263519271278
173,3,0-1-2-7,0.8726647043967366,1.2217304178782855,0.17453274798994892,0.34906571348154886,1.0471974523866863,1.396263165868235
173,4,0-1-2-7,0.5235987772022589,0.872664406773806,0.5235986350784143,0.3490656295715475,1.0471974122806722,1.3962630418522197
173,5,0-1-2-7,0.1745329378034836,0.5235985605342064,0.8726645027456188,0.3490656227307214,1.0471974405491036,1.396263063279825
173,6,0-1-2-7,0.17453286583244695,0.17453275214796382,1.221730375879777,0.34906561798041036,1.0471975100473303,1.3962631280277407
173,8,0-1-2-7,0.8726645670012425,0.5235990170719866,1.2217304429462335,0.3490655499292571,2.0943950099474757,1.7453294600182196
173,9,0-1-2-7,1.2217300498429418,0.8726646969501518,0.872664639483295,0.34906535289279034,2.094394689326237,1.7453293364334468
174,3,0-1-2-8,0.8726647043967366,1.2217304178782855,0.1745330403916764,0.34906571348154886,0.6981316640050603,1.0471973774866092
174,4,0-1-2-8,0.5235987772022589,0.872664406773806,0.17453287774734846,0.3490656295715475,0.6981316549496052,1.0471972845211526
174,5,0-1-2-8,0.1745329378034836,0.5235985605342064,0.5235987562724143,0.3490656227307214,0.6981316940758988,1.0471973168066206
174,6,0-1-2-8,0.17453286583244695,0.17453275214796382,0.8726646190318632,0.34906561798041036,0.6981317531994166,1.0471973711798268
174,7,0-1-2-8,0.5235987713827897,0.17453317549447941,1.2217305773429956,0.3490655958883099,0.6981318059602055,1.0471974018485157
174,9,0-1-2-8,1.2217300498429418,0.8726646969501518,1.2217303505421089,0.34906535289279034,2.443460400385051,2.094395047492261
175,3,0-1-2-9,0.8726647043967366,1.2217304178782855,0.5235988014502103,0.34906571348154886,0.34906590294652606,0.6981316164280752
175,4,0-1-2-9,0.5235987772022589,0.872664406773806,0.17453283607407566,0.3490656295715475,0.3490659411281842,0.6981315706997313
175,5,0-1-2-9,0.1745329378034836,0.5235985605342064,0.17453306002702423,0.3490656227307214,0.3490659978305093,0.6981316205612303
175,6,0-1-2-9,0.17453286583244695,0.17453275214796382,0.5235989278180431,0.34906561798041036,0.34906606198559614,0.698131679966007
175,7,0-1-2-9,0.5235987713827897,0.17453317549447941,0.8726649042127029,0.3490655958883099,0.34906613282991267,0.6981317287182233
175,8,0-1-2-9,0.8726645670012425,0.5235990170719866,1.221730826454453,0.3490655499292571,0.34906625945321146,0.6981318093824672
176,2,0-1-3-4,1.2217304901328778,1.221730390499816,0.8726645016235266,2.4434608806326943,2.0943949917564044,0.34906588887628964
176,5,0-1-3-4,0.1745329378034836,0.8726644809713259,1.221730555777067,0.6981315431678409,1.0471976179735822,0.3490660748057418
176,6,0-1-3-4,0.17453286583244695,0.5235987030235368,0.8726647510344268,0.698131568855984,1.0471976168668737,0.3490660480108897
176,7,0-1-3-4,0.5235987713827897,0.1745327805712234,0.5235987934635282,0.6981315519540133,1.0471975648463183,0.34906601289230466
176,8,0-1-3-4,0.8726645670012425,0.17453306434771537,0.17453291749403163,0.698131502653528,1.047197484495274,0.34906598184174625
176,9,0-1-3-4,1.2217300498429418,0.5235987798824113,0.1745328452777791,0.6981312699605303,1.0471972045651639,0.34906593460463325
177,2,0-1-3-5,1.2217304901328778,1.221730390499816,0.5235985534505156,2.4434608806326943,1.745329043583394,0.6981318370493002
177,4,0-1-3-5,0.5235987772022589,1.2217302537816552,1.221730303400116,0.6981314765793972,1.7453290806023742,2.443460557181772
177,6,0-1-3-5,0.17453286583244695,0.5235987030235368,1.22173070478976,0.698131568855984,1.396263570622207,0.698132001766223
177,7,0-1-3-5,0.5235987713827897,0.1745327805712234,0.8726647202089337,0.6981315519540133,1.3962634915917236,0.6981319396377103
177,8,0-1-3-5,0.8726645670012425,0.17453306434771537,0.5235988333815744,0.698131502653528,1.3962634003828165,0.6981318977292891
177,9,0-1-3-5,1.2217300498429418,0.5235987798824113,0.1745330530337338,0.6981312699605303,1.3962631028766754,0.6981318329161451
178,2,0-1-3-6,1.2217304901328778,1.221730390499816,0.17453272475834689,2.4434608806326943,1.3962632148912244,1.0471976657414694
178,4,0-1-3-6,0.5235987772022589,1.2217302537816552,0.8726644710643445,0.6981314765793972,1.3962632482666026,2.0943947248459995
178,5,0-1-3-6,0.1745329378034836,0.8726644809713259,1.2217303117216207,0.6981315431678409,1.3962632495251057,2.0943947926929467
178,7,0-1-3-6,0.5235987713827897,0.1745327805712234,1.2217304841531873,0.6981315519540133,1.7453292555359774,1.047197703581964
178,8,0-1-3-6,0.8726645670012425,0.17453306434771537,0.8726646077005374,0.698131502653528,1.7453291747017796,1.0471976720482523
178,9,0-1-3-6,1.2217300498429418,0.5235987798824113,0.5235988223211258,0.6981312699605303,1.745328872164068,1.0471976022035376
179,2,0-1-3-7,1.2217304901328778,1.221730390499816,0.17453314115603913,2.4434608806326943,1.0471973489768394,1.3962635316558547
179,4,0-1-3-7,0.5235987772022589,1.2217302537816552,0.5235986350784143,0.6981314765793972,1.0471974122806722,1.7453288888600693
179,5,0-1-3-7,0.1745329378034836,0.8726644809713259,0.8726645027456188,0.6981315431678409,1.0471974405491036,1.7453289837169443
179,6,0-1-3-7,0.17453286583244695,0.5235987030235368,1.221730375879777,0.698131568855984,1.0471975100473303,1.7453290789033142
179,8,0-1-3-7,0.8726645670012425,0.17453306434771537,1.2217304429462335,0.698131502653528,2.0943950099474757,1.3962635072939484
179,9,0-1-3-7,1.2217300498429418,0.5235987798824113,0.872664639483295,0.6981312699605303,2.094394689326237,1.3962634193657066
180,2,0-1-3-8,1.2217304901328778,1.221730390499816,0.5235989328790969,2.4434608806326943,0.6981315572537814,1.7453293233789124
180,4,0-1-3-8,0.5235987772022589,1.2217302537816552,0.17453287774734846,0.6981314765793972,0.6981316549496052,1.396263131529002
180,5,0-1-3-8,0.1745329378034836,0.8726644809713259,0.5235987562724143,0.6981315431678409,0.6981316940758988,1.39626323724374
180,6,0-1-3-8,0.17453286583244695,0.5235987030235368,0.8726646190318632,0.698131568855984,0.6981317531994166,1.3962633220554004
180,7,0-1-3-8,0.5235987713827897,0.1745327805712234,1.2217305773429956,0.6981315519540133,0.6981318059602055,1.396263357914219
180,9,0-1-3-8,1.2217300498429418,0.5235987798824113,1.2217303505421089,0.6981312699605303,2.443460400385051,1.7453291304245206
181,2,0-1-3-9,1.2217304901328778,1.221730390499816,0.872664729594162,2.4434608806326943,0.34906576053871613,2.094395120093978
181,4,0-1-3-9,0.5235987772022589,1.2217302537816552,0.17453283607407566,0.6981314765793972,0.3490659411281842,1.047197417707581
181,5,0-1-3-9,0.1745329378034836,0.8726644809713259,0.17453306002702423,0.6981315431678409,0.3490659978305093,1.0471975409983496
181,6,0-1-3-9,0.17453286583244695,0.5235987030235368,0.5235989278180431,0.698131568855984,0.34906606198559614,1.0471976308415805
181,7,0-1-3-9,0.5235987713827897,0.1745327805712234,0.8726649042127029,0.6981315519540133,0.34906613282991267,1.0471976847839264
181,8,0-1-3-9,0.8726645670012425,0.17453306434771537,1.221730826454453,0.698131502653528,0.34906625945321146,1.0471977621067383
182,2,0-1-4-5,1.2217304901328778,0.8726645016235266,0.5235985534505156,2.0943949917564044,1.745329043583394,0.3490659481730103
182,3,0-1-4-5,0.8726647043967366,1.2217304998273684,0.8726644782250881,2.094395204224105,1.7453291826218245,0.34906602160228006
182,6,0-1-4-5,0.17453286583244695,0.8726647510344268,1.22173070478976,1.0471976168668737,1.396263570622207,0.3490659537553332
182,7,0-1-4-5,0.5235987713827897,0.5235987934635282,0.8726647202089337,1.0471975648463183,1.3962634915917236,0.3490659267454055
182,8,0-1-4-5,0.8726645670012425,0.17453291749403163,0.5235988333815744,1.047197484495274,1.3962634003828165,0.34906591588754265
182,9,0-1-4-5,1.2217300498429418,0.1745328452777791,0.1745330530337338,1.0471972045651639,1.3962631028766754,0.3490658983115124
183,2,0-1-4-6,1.2217304901328778,0.8726645016235266,0.17453272475834689,2.0943949917564044,1.3962632148912244,0.6981317768651798
183,3,0-1-4-6,0.8726647043967366,1.2217304998273684,0.5235986190944643,2.094395204224105,1.396263323491201,0.6981318807329039
183,5,0-1-4-6,0.1745329378034836,1.221730555777067,1.2217303117216207,1.0471976179735822,1.3962632495251057,2.4434608674986884
183,7,0-1-4-6,0.5235987713827897,0.5235987934635282,1.2217304841531873,1.0471975648463183,1.7453292555359774,0.698131690689659
183,8,0-1-4-6,0.8726645670012425,0.17453291749403163,0.8726646077005374,1.047197484495274,1.7453291747017796,0.6981316902065059
183,9,0-1-4-6,1.2217300498429418,0.1745328452777791,0.5235988223211258,1.0471972045651639,1.745328872164068,0.6981316675989043
184,2,0-1-4-7,1.2217304901328778,0.8726645016235266,0.17453314115603913,2.0943949917564044,1.0471973489768394,1.0471976427795653
184,3,0-1-4-7,0.8726647043967366,1.2217304998273684,0.17453274798994892,2.094395204224105,1.0471974523866863,1.0471977518374187
184,5,0-1-4-7,0.1745329378034836,1.221730555777067,0.8726645027456188,1.0471976179735822,1.0471974405491036,2.094395058522686
184,6,0-1-4-7,0.17453286583244695,0.8726647510344268,1.221730375879777,1.0471976168668737,1.0471975100473303,2.094395126914204
184,8,0-1-4-7,0.8726645670012425,0.17453291749403163,1.2217304429462335,1.047197484495274,2.0943950099474757,1.047197525452202
184,9,0-1-4-7,1.2217300498429418,0.1745328452777791,0.872664639483295,1.0471972045651639,2.094394689326237,1.0471974847610732
185,2,0-1-4-8,1.2217304901328778,0.8726645016235266,0.5235989328790969,2.0943949917564044,0.6981315572537814,1.396263434502623
185,3,0-1-4-8,0.8726647043967366,1.2217304998273684,0.1745330403916764,2.094395204224105,0.6981316640050603,1.3962635402190446
185,5,0-1-4-8,0.1745329378034836,1.221730555777067,0.5235987562724143,1.0471976179735822,0.6981316940758988,1.7453293120494813
185,6,0-1-4-8,0.17453286583244695,0.8726647510344268,0.8726646190318632,1.0471976168668737,0.6981317531994166,1.7453293700662897
185,7,0-1-4-8,0.5235987713827897,0.5235987934635282,1.2217305773429956,1.0471975648463183,0.6981318059602055,1.745329370806524
185,9,0-1-4-8,1.2217300498429418,0.1745328452777791,1.2217303505421089,1.0471972045651639,2.443460400385051,1.396263195819887
186,2,0-1-4-9,1.2217304901328778,0.8726645016235266,0.872664729594162,2.0943949917564044,0.34906576053871613,1.745329231217688
186,3,0-1-4-9,0.8726647043967366,1.2217304998273684,0.5235988014502103,2.094395204224105,0.34906590294652606,1.7453293012775788
186,5,0-1-4-9,0.1745329378034836,1.221730555777067,0.17453306002702423,1.0471976179735822,0.3490659978305093,1.396263615804091
186,6,0-1-4-9,0.17453286583244695,0.8726647510344268,0.5235989278180431,1.0471976168668737,0.34906606198559614,1.39626367885247
186,7,0-1-4-9,0.5235987713827897,0.5235987934635282,0.8726649042127029,1.0471975648463183,0.34906613282991267,1.3962636976762315
186,8,0-1-4-9,0.8726645670012425,0.17453291749403163,1.221730826454453,1.047197484495274,0.34906625945321146,1.3962637439484848
187,2,0-1-5-6,1.2217304901328778,0.5235985534505156,0.17453272475834689,1.745329043583394,1.3962632148912244,0.34906582869216934
187,3,0-1-5-6,0.8726647043967366,0.8726644782250881,0.5235986190944643,1.7453291826218245,1.396263323491201,0.3490658591306236
187,4,0-1-5-6,0.5235987772022589,1.221730303400116,0.8726644710643445,1.7453290806023742,1.3962632482666026,0.3490658323357712
187,7,0-1-5-6,0.5235987713827897,0.8726647202089337,1.2217304841531873,1.3962634915917236,1.7453292555359774,0.34906576394425437
187,8,0-1-5-6,0.8726645670012425,0.5235988333815744,0.8726646077005374,1.3962634003828165,1.7453291747017796,0.34906577431896385
187,9,0-1-5-6,1.2217300498429418,0.1745330530337338,0.5235988223211258,1.3962631028766754,1.745328872164068,0.349065769287393
188,2,0-1-5-7,1.2217304901328778,0.5235985534505156,0.17453314115603913,1.745329043583394,1.0471973489768394,0.6981316946065544
188,3,0-1-5-7,0.8726647043967366,0.8726644782250881,0.17453274798994892,1.7453291826218245,1.0471974523866863,0.6981317302351386
188,4,0-1-5-7,0.5235987772022589,1.221730303400116,0.5235986350784143,1.7453290806023742,1.0471974122806722,0.6981316683217019
188,6,0-1-5-7,0.17453286583244695,1.22173070478976,1.221730375879777,1.396263570622207,1.0471975100473303,2.4434610806695374
188,8,0-1-5-7,0.8726645670012425,0.5235988333815744,1.2217304429462335,1.3962634003828165,2.0943950099474757,0.6981316095646594
188,9,0-1-5-7,1.2217300498429418,0.1745330530337338,0.872664639483295,1.3962631028766754,2.094394689326237,0.6981315864495615
189,2,0-1-5-8,1.2217304901328778,0.5235985534505156,0.5235989328790969,1.745329043583394,0.6981315572537814,1.0471974863296125
189,3,0-1-5-8,0.8726647043967366,0.8726644782250881,0.1745330403916764,1.7453291826218245,0.6981316640050603,1.0471975186167644
189,4,0-1-5-8,0.5235987772022589,1.221730303400116,0.17453287774734846,1.7453290806023742,0.6981316549496052,1.0471974256527692
189,6,0-1-5-8,0.17453286583244695,1.22173070478976,0.8726646190318632,1.396263570622207,0.6981317531994166,2.0943953238216233
189,7,0-1-5-8,0.5235987713827897,0.8726647202089337,1.2217305773429956,1.3962634915917236,0.6981318059602055,2.0943952975519293
189,9,0-1-5-8,1.2217300498429418,0.1745330530337338,1.2217303505421089,1.3962631028766754,2.443460400385051,1.0471972975083756
190,2,0-1-5-9,1.2217304901328778,0.5235985534505156,0.872664729594162,1.745329043583394,0.34906576053871613,1.3962632830446777
190,3,0-1-5-9,0.8726647043967366,0.8726644782250881,0.5235988014502103,1.7453291826218245,0.34906590294652606,1.3962632796752985
190,4,0-1-5-9,0.5235987772022589,1.221730303400116,0.17453283607407566,1.7453290806023742,0.3490659411281842,1.3962631394741907
190,6,0-1-5-9,0.17453286583244695,1.22173070478976,0.5235989278180431,1.396263570622207,0.34906606198559614,1.7453296326078034
190,7,0-1-5-9,0.5235987713827897,0.8726647202089337,0.8726649042127029,1.3962634915917236,0.34906613282991267,1.7453296244216367
190,8,0-1-5-9,0.8726645670012425,0.5235988333815744,1.221730826454453,1.3962634003828165,0.34906625945321146,1.7453296598360273
191,2,0-1-6-7,1.2217304901328778,0.17453272475834689,0.17453314115603913,1.3962632148912244,1.0471973489768394,0.34906586591438576
191,3,0-1-6-7,0.8726647043967366,0.5235986190944643,0.17453274798994892,1.396263323491201,1.0471974523866863,0.34906587110451465
191,4,0-1-6-7,0.5235987772022589,0.8726644710643445,0.5235986350784143,1.3962632482666026,1.0471974122806722,0.3490658359859307
191,5,0-1-6-7,0.1745329378034836,1.2217303117216207,0.8726645027456188,1.3962632495251057,1.0471974405491036,0.3490658089760027
191,8,0-1-6-7,0.8726645670012425,0.8726646077005374,1.2217304429462335,1.7453291747017796,2.0943950099474757,0.3490658352456964
191,9,0-1-6-7,1.2217300498429418,0.5235988223211258,0.872664639483295,1.745328872164068,2.094394689326237,0.34906581716216833
192,2,0-1-6-8,1.2217304901328778,0.17453272475834689,0.5235989328790969,1.3962632148912244,0.6981315572537814,0.6981316576374432
192,3,0-1-6-8,0.8726647043967366,0.5235986190944643,0.1745330403916764,1.396263323491201,0.6981316640050603,0.6981316594861406
192,4,0-1-6-8,0.5235987772022589,0.8726644710643445,0.17453287774734846,1.3962632482666026,0.6981316549496052,0.6981315933169978
192,5,0-1-6-8,0.1745329378034836,1.2217303117216207,0.5235987562724143,1.3962632495251057,0.6981316940758988,0.6981315554492066
192,7,0-1-6-8,0.5235987713827897,1.2217304841531873,1.2217305773429956,1.7453292555359774,0.6981318059602055,2.443461061496183
192,9,0-1-6-8,1.2217300498429418,0.5235988223211258,1.2217303505421089,1.745328872164068,2.443460400385051,0.6981315282209828
193,2,0-1-6-9,1.2217304901328778,0.17453272475834689,0.872664729594162,1.3962632148912244,0.34906576053871613,1.0471974543525084
193,3,0-1-6-9,0.8726647043967366,0.5235986190944643,0.5235988014502103,1.396263323491201,0.34906590294652606,1.0471974205446748
193,4,0-1-6-9,0.5235987772022589,0.8726644710643445,0.17453283607407566,1.3962632482666026,0.3490659411281842,1.047197307138419
193,5,0-1-6-9,0.1745329378034836,1.2217303117216207,0.17453306002702423,1.3962632495251057,0.3490659978305093,1.047197251694597
193,7,0-1-6-9,0.5235987713827897,1.2217304841531873,0.8726649042127029,1.7453292555359774,0.34906613282991267,2.0943953883658906
193,8,0-1-6-9,0.8726645670012425,0.8726646077005374,1.221730826454453,1.7453291747017796,0.34906625945321146,2.0943954341549906
194,2,0-1-7-8,1.2217304901328778,0.17453314115603913,0.5235989328790969,1.0471973489768394,0.6981315572537814,0.34906579172305835
194,3,0-1-7-8,0.8726647043967366,0.17453274798994892,0.1745330403916764,1.0471974523866863,0.6981316640050603,0.3490657883816258
194,4,0-1-7-8,0.5235987772022589,0.5235986350784143,0.17453287774734846,1.0471974122806722,0.6981316549496052,0.3490657573310671
194,5,0-1-7-8,0.1745329378034836,0.8726645027456188,0.5235987562724143,1.0471974405491036,0.6981316940758988,0.349065746473205
194,6,0-1-7-8,0.17453286583244695,1.221730375879777,0.8726646190318632,1.0471975100473303,0.6981317531994166,0.34906575684791463
194,9,0-1-7-8,1.2217300498429418,0.872664639483295,1.2217303505421089,2.094394689326237,2.443460400385051,0.3490657110588136
195,2,0-1-7-9,1.2217304901328778,0.17453314115603913,0.872664729594162,1.0471973489768394,0.34906576053871613,0.6981315884381233
195,3,0-1-7-9,0.8726647043967366,0.17453274798994892,0.5235988014502103,1.0471974523866863,0.34906590294652606,0.6981315494401601
195,4,0-1-7-9,0.5235987772022589,0.5235986350784143,0.17453283607407566,1.0471974122806722,0.3490659411281842,0.6981314711524885
195,5,0-1-7-9,0.1745329378034836,0.8726645027456188,0.17453306002702423,1.0471974405491036,0.3490659978305093,0.6981314427185951
195,6,0-1-7-9,0.17453286583244695,1.221730375879777,0.5235989278180431,1.0471975100473303,0.34906606198559614,0.6981314480617336
195,8,0-1-7-9,0.8726645670012425,1.2217304429462335,1.221730826454453,2.0943950099474757,0.34906625945321146,2.4434612694006868
196,2,0-1-8-9,1.2217304901328778,0.5235989328790969,0.872664729594162,0.6981315572537814,0.34906576053871613,0.34906579671506566
196,3,0-1-8-9,0.8726647043967366,0.1745330403916764,0.5235988014502103,0.6981316640050603,0.34906590294652606,0.34906576105853426
196,4,0-1-8-9,0.5235987772022589,0.17453287774734846,0.17453283607407566,0.6981316549496052,0.3490659411281842,0.3490657138214215
196,5,0-1-8-9,0.1745329378034836,0.5235987562724143,0.17453306002702423,0.6981316940758988,0.3490659978305093,0.3490656962453903
196,6,0-1-8-9,0.17453286583244695,0.8726646190318632,0.5235989278180431,0.6981317531994166,0.34906606198559614,0.3490656912138197
196,7,0-1-8-9,0.5235987713827897,1.2217305773429956,0.8726649042127029,0.6981318059602055,0.34906613282991267,0.34906567313029196
