slot,transmitters,slot_transmitter_uses,transmitter_uses,cumulative_transmitter_uses,endpoint_displacement_m,cumulative_endpoint_m,max_position_error_m,rms_position_error_m,max_radial_error_m,max_angular_error_deg,max_adjacent_gap_error_deg
0,,0,0,0,0.0,0.0,11.59373753880401,6.050375813091685,11.593702535214362,0.23911945001600782,0.35835903697255844
1,0-1-4-5,4,4,4,19.561295308965644,19.561295308965644,9.109538654371919,4.9818058008862645,9.100844553507272,1.078813825644462,0.6981256026100198
2,0-1-7-8,4,8,8,14.429841273193627,33.99113658215927,5.908487580682369,4.056094030455452,5.891967581952116,2.290664521658742,2.290664521658762
3,0-1-4-5,4,12,12,7.322890671288489,41.31402725344776,5.908487580682369,3.583386310741999,5.891967581952116,1.3386682903966964,1.3386682903967255
4,0-1-7-8,4,16,16,8.999277345146538,50.3133045985943,4.7770450799963395,3.3575212524616416,4.393048600155694,2.5210953073236406,2.521095307323627
5,0-1-4-5,4,20,20,6.654252570040171,56.96755716863447,4.117094875153332,2.6922921465381098,4.095344783659186,1.3639954243108916,1.3639954243109003
6,0-1-7-8,4,24,24,5.552334400515277,62.51989156914975,3.8295870868513906,2.543100244272082,3.499229196217186,1.8708677060644925,1.8708677060644945
7,0-1-4-5,4,28,28,5.507774850224134,68.02766641937389,3.08108283206181,1.9603039520174623,3.036059718281763,0.991931554608654,0.9919315546086551
8,0-1-7-8,4,32,32,3.6932714175122516,71.72093783688614,2.9161189707259303,1.8684684225777823,2.6268128949788405,1.299979461841693,1.2999794618416942
9,0-1-4-5,4,36,36,4.180369161444071,75.90130699833021,2.2563353460890325,1.415581941747627,2.2231721567565614,0.6778275510486974,0.6778275510486793
10,0-1-7-8,4,40,40,2.5407315328704305,78.44203853120064,2.1629026067661274,1.3541393539129076,1.9277942462978928,0.8881250935961279,0.8881250935961305
11,0-1-4-5,4,44,44,3.0666754559875566,81.50871398718819,1.6428500382002664,1.0170799756513482,1.6184772253357522,0.4536396302675549,0.4536396302675598
12,0-1-7-8,4,48,48,1.7164715869786984,83.22518557416689,1.5868457014494994,0.9742839616019021,1.4009246269034605,0.6022105215906113,0.6022105215906208
13,0-1-4-5,4,52,52,2.201495205043181,85.42668077921007,1.182918487866282,0.7300493882789432,1.1659290786182481,0.3202739242403528,0.30475643733881697
14,0-1-7-8,4,56,56,1.1951870046934547,86.62186778390353,1.154145349631224,0.7028510634914515,1.014110270288242,0.41427302866478755,0.41427302866476623
15,0-1-4-5,4,60,60,1.5944019730777799,88.2162697569813,0.856526195770545,0.5257379768250869,0.8437503865378204,0.23289739122976771,0.20915341637793006
16,0-1-7-8,4,64,64,0.8364344664002685,89.05270422338157,0.8346397202324264,0.5052024713521078,0.7321808381826145,0.286279392556986,0.28627939255698465
17,0-1-4-5,4,68,68,1.1337304033853133,90.18643462676688,0.6186245533470984,0.37823730512447457,0.6090247995282994,0.165674401723428,0.14449891981070806
18,0-1-7-8,4,72,72,0.561764354950025,90.74819898171691,0.600574506986468,0.36176982179698175,0.5281781371255931,0.1968867424395663,0.19688674243955262
19,0-1-4-5,4,76,76,0.8029093646928512,91.55110834640976,0.4481332445544633,0.2724063805980503,0.44178998809961456,0.12074024912848959,0.09521576009203159
20,0-1-7-8,4,80,80,0.4152868976178181,91.96639524402758,0.43427919956632305,0.26085568402894416,0.38197595279919483,0.13882533092592783,0.13882533092595395
21,0-1-4-5,4,84,84,0.585795932812376,92.55219117683995,0.3214212642759761,0.19578525709319608,0.31647469213163504,0.08658688582094709,0.06646969507381328
22,0-1-7-8,4,88,88,0.29303989089749083,92.84523106773744,0.31597746102758745,0.18773682170625236,0.2776096416721714,0.09495879585330896,0.09495879585333
23,0-1-4-5,4,92,92,0.4183896994338756,93.26362076717132,0.2340260275185032,0.14123583584645907,0.23070519066685335,0.06361359399856806,0.04669783187958387
24,0-1-7-8,4,96,96,0.2197559646138483,93.48337673178517,0.2258325352700545,0.13543601472205952,0.19814297473561737,0.06836823086659749,0.06836823086661781
25,0-1-4-5,4,100,100,0.300290793083456,93.78366752486863,0.1689140651744335,0.10219841064541964,0.16568574266977976,0.0461680731687977,0.034136030174209964
26,0-1-7-8,4,104,104,0.15768156853110582,93.94134909339974,0.1626406683421227,0.09743135800164139,0.14371917742225548,0.04887201506307108,0.0488720150631039
27,0-1-4-5,4,108,108,0.206212566760068,94.14756166015981,0.1213017926229556,0.07390787387074213,0.11909029549602224,0.031065375486983845,0.025759831846450254
28,0-1-7-8,4,112,112,0.10728358174249714,94.2548452419023,0.11743857765186208,0.07136804413721635,0.10418804644855584,0.040400272291358945,0.04040027229139298
29,0-1-4-5,4,116,116,0.17348262758223837,94.42832786948453,0.08650280246766034,0.052300766398885284,0.08506557452004415,0.021190645734401003,0.017866348926645514
30,0-1-7-8,4,120,120,0.06380807150324327,94.49213594098778,0.08518763256598887,0.04917046872698745,0.07674710373990479,0.02329884019218038,0.023298840192190085
31,0-1-4-5,4,124,124,0.11630898917173793,94.60844493015952,0.06291242534737165,0.03721935452441475,0.061961727492061414,0.015373207368601143,0.0127278987817121
32,0-1-7-8,4,128,128,0.06749205840260956,94.67593698856213,0.06098307522666288,0.03544905599126674,0.05514708998329354,0.015373207368601143,0.015056994297744097
33,0-1-4-5,4,132,132,0.08105535890597207,94.7569923474681,0.04691865494036695,0.026947828237420087,0.04631826000026251,0.012313457656181104,0.008419920519976642
34,0-1-7-8,4,136,136,0.04806417306151866,94.80505652052962,0.04414913297329939,0.02506357974583593,0.03856759477488936,0.012313457656181104,0.00975914597315608
35,0-1-4-5,4,140,140,0.04800416001575384,94.85306068054537,0.03242026697381924,0.02026796782780069,0.03155915660710207,0.009575153577203052,0.006718160932194905
36,0-1-7-8,4,144,144,0.0449868079076701,94.89804748845305,0.03242026697381924,0.02102293672013976,0.029646548748644364,0.012633190463678484,0.012633190463695598
37,0-1-4-5,4,148,148,0.043261475451794366,94.94130896390485,0.025344855780437457,0.016023046599712817,0.02326153023415145,0.008228454162461402,0.007361540270203193
38,0-1-7-8,4,152,152,0.030203808949149116,94.971512772854,0.025344855780437457,0.01531557358882573,0.020884350057400525,0.008317709814475492,0.00831770981448443
39,0-1-4-5,4,156,156,0.04561021812087242,95.01712299097487,0.016050473836799133,0.010070398859901814,0.015073208382688108,0.0040672026448178005,0.004506949936015303
40,0-1-7-8,4,160,160,0.02333318863826813,95.04045617961313,0.014821493915606887,0.009303643667990307,0.013011264593956184,0.005763453442636866,0.005763453442639843
41,0-1-4-5,4,164,164,0.02995203611141656,95.07040821572454,0.01226480947187926,0.006874223566290453,0.012201240784264655,0.0029287574983833686,0.0026769631974516983
42,0-1-7-8,4,168,168,0.024103046743807116,95.09451126246834,0.011766726729871465,0.006770789238674022,0.010929393237532281,0.0029287574983833686,0.003033550586842182
43,0-1-4-5,4,172,172,0.029146499432747976,95.12365776190109,0.009649782439449327,0.005968679773381124,0.009535475169641927,0.0035471687452750342,0.006844641107157656
44,0-1-7-8,4,176,176,0.019047768868125294,95.1427055307692,0.012377109463547333,0.007121338814713656,0.011844271121219663,0.0035471687452750342,0.005409114590044339
45,0-1-4-5,4,180,180,0.015654833069170457,95.15836036383837,0.011672216457319301,0.006914111227649796,0.011601362421728822,0.002343340940426645,0.0016176128877773976
46,0-1-7-8,4,184,184,0.026410919200600836,95.18477128303897,0.011248804649134667,0.007700902376126074,0.01098576737518897,0.0047362855636075745,0.004736285563609499
47,0-1-4-5,4,188,188,0.022723990243989328,95.20749527328296,0.009590593261609399,0.00608402815455101,0.009525011062706312,0.0029548688043126944,0.0029548688042950744
48,0-1-7-8,4,192,192,0.022458073371204108,95.22995334665416,0.01071704583280497,0.005687493302922303,0.010706690288600385,0.0025101202424993945,0.0031165743140562086
49,0-1-4-5,4,196,196,0.01787941054860349,95.24783275720276,0.01071704583280497,0.006186839778112825,0.010706690288600385,0.002052071406400993,0.0030121169460386454
50,0-1-7-8,4,200,200,0.022935908147923994,95.27076866535069,0.010638928414633262,0.006104149252127538,0.009188886698964893,0.0035045608324107014,0.004818744922403084
51,0-1-4-5,4,204,204,0.018210860559770906,95.28897952591046,0.009837412693369206,0.004746899028340076,0.007949929022458946,0.003319991883731303,0.0043022835641934876
52,0-1-7-8,4,208,208,0.020744472303538455,95.309723998214,0.0069663864040970585,0.0048207287315779656,0.006868559937203145,0.003165314640235176,0.0031653146402348398
53,0-1-4-5,4,212,212,0.015865952414789018,95.32558995062878,0.0057901109999308085,0.0038210447238303533,0.005655719635726086,0.0019788119551122094,0.0032608866654797453
54,0-1-7-8,4,216,216,0.016068889307568723,95.34165883993636,0.008224173081105594,0.004576791151303571,0.006980791719527701,0.0024913381451261616,0.003144205297765268
55,0-1-4-5,4,220,220,0.016645186519486717,95.35830402645584,0.008224173081105594,0.004744490476727798,0.006980791719527701,0.0024913381451261616,0.003144205297765268
56,0-1-7-8,4,224,224,0.017998255364844163,95.37630228182068,0.005377084059087218,0.003176480532325221,0.004707643132633166,0.002964173611075957,0.0029641736110619377
57,0-1-4-5,4,228,228,0.013965991983843521,95.39026827380452,0.005958029499978462,0.003567028618420816,0.004688147672041509,0.0028122354522387306,0.0032638790197907497
58,0-1-7-8,4,232,232,0.010668268433719031,95.40093654223824,0.005950230929950568,0.0038047127986052236,0.005046792485501328,0.002096507056691353,0.0032638790197907497
59,0-1-4-5,4,236,236,0.013633466567742721,95.41457000880598,0.006302315081737687,0.003685946824882078,0.0043838660583475075,0.0028039249025681116,0.0026687290591951296
60,0-1-7-8,4,240,240,0.017867255659603044,95.43243726446559,0.0058611794472005424,0.003310405785158365,0.005031997500879015,0.002468573893269652,0.0031520302855199134
61,0-1-4-5,4,244,244,0.018482981790435463,95.45092024625603,0.00638168484667594,0.003438827265610858,0.005402090390560943,0.001946703221922564,0.0031520302855199134
62,0-1-7-8,4,248,248,0.010323404348570181,95.4612436506046,0.00638168484667594,0.0036882417316080407,0.005402090390560943,0.0028497423670528275,0.0028497423670543753
63,0-1-4-5,4,252,252,0.010168046733286832,95.47141169733789,0.005530396180902543,0.0033767323002220884,0.00504064815827121,0.003145021777632581,0.003178319680188224
64,0-1-7-8,4,256,256,0.011647271224237749,95.48305896856212,0.0068290964644158484,0.003553616742790442,0.003893489289083618,0.0032146213266099704,0.005535785033686125
65,0-1-4-5,4,260,260,0.016739639820548186,95.49979860838266,0.0074385881165728905,0.004253857267703489,0.003893489289083618,0.00417092113703127,0.00738554246360934
66,0-1-7-8,4,264,264,0.025360599063179584,95.52515920744584,0.006123450515797608,0.0033297618890963014,0.005884453498012476,0.0020004284536609264,0.0033041760468250914
67,0-1-4-5,4,268,268,0.01754526438275287,95.54270447182859,0.00630252355246598,0.0034992112421829563,0.005884453498012476,0.0016211706993239734,0.0023300983280236665
68,0-1-7-8,4,272,272,0.016225024927644202,95.55892949675624,0.007994323208085146,0.004475826953105109,0.007170616636273053,0.003253295737554323,0.003597467347340455
69,0-1-4-5,4,276,276,0.01765988744117381,95.5765893841974,0.00719573129602133,0.004276642881202589,0.007170616636273053,0.0034269861131778563,0.003054058907522972
70,0-1-7-8,4,280,280,0.0186085736160819,95.59519795781348,0.006898074588418631,0.003892996535352935,0.004671148434283623,0.0034269861131778563,0.004284566728294692
71,0-1-4-5,4,284,284,0.013790018812161723,95.60898797662564,0.005356985629256892,0.0030514773227809486,0.004678590693558249,0.003006068597519552,0.00324095482196185
72,0-1-7-8,4,288,288,0.019302123545888127,95.62829010017153,0.0062562019716555705,0.0035580169310776345,0.0034077508922223387,0.003153739207826713,0.004976621474789056
73,0-1-4-5,4,292,292,0.01075666020221297,95.63904676037374,0.0066238606340257074,0.003368073839913513,0.0034077508922223387,0.0036732815651366775,0.00423048014877736
74,0-1-7-8,4,296,296,0.019571403794302868,95.65861816416805,0.004404655514950577,0.00266499608954625,0.0025242317263831637,0.0022113608623903526,0.0022788131600179895
75,0-1-4-5,4,300,300,0.010024970331575846,95.66864313449962,0.004914266012438017,0.002832834910769823,0.0025242317263831637,0.002738542351606013,0.0037180891127164273
76,0-1-7-8,4,304,304,0.01902653326846827,95.68766966776809,0.007979847053418313,0.004642642856192035,0.006342126558038785,0.004288593977246643,0.0042885939772361326
77,0-1-4-5,4,308,308,0.019204416602663435,95.70687408437075,0.008326680408792473,0.004781436815341145,0.006342126558038785,0.003764544688790513,0.0029528589634324476
78,0-1-7-8,4,312,312,0.023280026179840933,95.7301541105506,0.006894239210012988,0.0038654678973375693,0.0062036663762938815,0.0024547526021189607,0.00334312739805398
79,0-1-4-5,4,316,316,0.020487943519227905,95.75064205406983,0.008044117203516263,0.005128615709009133,0.0062036663762938815,0.004281969552713192,0.00380734424344098
80,0-1-7-8,4,320,320,0.022916694551445453,95.77355874862127,0.009144908153865918,0.005410305539517926,0.0041253915098309335,0.004771028539509045,0.007322396549000132
81,0-1-4-5,4,324,324,0.013963196354037994,95.78752194497531,0.006636625671904013,0.004755392588854656,0.0045426983543706,0.003771082687831715,0.005640113585030804
82,0-1-7-8,4,328,328,0.011990026770356758,95.79951197174567,0.010155727644820605,0.005296202925472723,0.004479603559971679,0.005737719350848984,0.005737719350840109
83,0-1-4-5,4,332,332,0.016758441464777427,95.81627041321045,0.00820650185976018,0.004683242200317392,0.004479603559971679,0.004658585723363671,0.004658585723333886
84,0-1-7-8,4,336,336,0.02018892203906331,95.83645933524951,0.007647470556256193,0.004357182043167338,0.006348042743510973,0.0042167905654183725,0.004216790565408246
85,0-1-4-5,4,340,340,0.019908915877666685,95.85636825112718,0.009415322323158145,0.0051550703206252905,0.006348042743510973,0.0053709548791663585,0.005370954879175827
86,0-1-7-8,4,344,344,0.013569189376740641,95.86993744050392,0.009716082142898031,0.004538519615593752,0.0042991796239419955,0.005509213126655927,0.005509213126664747
87,0-1-4-5,4,348,348,0.013953814504998784,95.88389125500892,0.006256590429138804,0.0043357480031502305,0.005416730079872423,0.0033736994027316444,0.003637966311856644
88,0-1-7-8,4,352,352,0.019091321560311847,95.90298257656923,0.006065782817779799,0.003992687909241648,0.005416730079872423,0.0030010921727379697,0.004508550022563895
89,0-1-4-5,4,356,356,0.021913644443859976,95.92489622101309,0.006065782817779799,0.003451908332632122,0.0033507973037529837,0.0030010921727379697,0.0030196321668540804
90,0-1-7-8,4,360,360,0.01572707220011335,95.94062329321319,0.006994710539421567,0.004007529548790557,0.003961706789908703,0.0035407569132657134,0.002919112264642365
91,0-1-4-5,4,364,364,0.025016860742337006,95.96564015395553,0.007895317520761079,0.004244008057829568,0.004461999389505422,0.0037319177145198478,0.003388965581059722
92,0-1-7-8,4,368,368,0.015137796233131526,95.98077795018867,0.007998986075225506,0.003765339737575513,0.003571623097954557,0.004100771341025658,0.002797501699980387
93,0-1-4-5,4,372,372,0.017289425645199967,95.99806737583387,0.007998986075225506,0.004882246003742746,0.005929450693187732,0.004100771341025658,0.003079228149729829
94,0-1-7-8,4,376,376,0.019617618902251457,96.01768499473611,0.007836654201464613,0.004094082408822794,0.005929450693187732,0.0031749685947040397,0.0026140320925236438
95,0-1-4-5,4,380,380,0.0187960270804333,96.03648102181654,0.006399850903813898,0.0030475092529959197,0.0031444648365379635,0.0035897944280255945,0.0042554468143407576
96,0-1-7-8,4,384,384,0.01594175167347017,96.05242277349001,0.007208204473763489,0.0038314013600716456,0.005771603214583365,0.004037020845796587,0.005723224351520173
97,0-1-4-5,4,388,388,0.022759253655717442,96.07518202714573,0.006690960014976438,0.0044521855235229385,0.005771603214583365,0.0038187295607041106,0.003718156724204391
98,0-1-7-8,4,392,392,0.020322865928538297,96.09550489307426,0.005550678785327792,0.0038947673901910222,0.004226887470323959,0.0026611023239022625,0.003836421540363233
99,0-1-4-5,4,396,396,0.03117365691707312,96.12667854999134,0.0100982471504313,0.005167662661118445,0.004226887470323959,0.005730713516081021,0.0063491341856831696
100,0-1-7-8,4,400,400,0.02549329460278819,96.15217184459412,0.004017624195434598,0.002779997193569205,0.0024977072358467467,0.0021390361984626673,0.0041767100438718785
101,0-1-4-5,4,404,404,0.02200560711022805,96.17417745170435,0.00452637372430332,0.002874063680031136,0.0024977072358467467,0.0025857924220619916,0.003983364169897641
102,0-1-7-8,4,408,408,0.016965422367606276,96.19114287407196,0.004777584817236245,0.0031865342660882968,0.0025510742681973397,0.0027010280922550455,0.0034080792313062602
103,0-1-4-5,4,412,412,0.025075973686773553,96.21621884775873,0.004690834224963128,0.0025563719615473227,0.0016756992395556836,0.002510289946744867,0.0032702395301669185
104,0-1-7-8,4,416,416,0.014525098845250438,96.23074394660398,0.0048906587096222065,0.0031749994770131447,0.0028133726642067813,0.002479656190140085,0.002772395589381915
105,0-1-4-5,4,420,420,0.013277262496334645,96.24402120910031,0.005954134697986843,0.003012464106898759,0.0028133726642067813,0.003111069482205257,0.003483273387800523
106,0-1-7-8,4,424,424,0.01398034488331935,96.25800155398363,0.00623100355315033,0.0033834019460009224,0.0024974930507113413,0.003537066438343166,0.0035370664383478356
107,0-1-4-5,4,428,428,0.015960848911273882,96.27396240289491,0.0075353703104282365,0.003899707122846953,0.0021496546787034276,0.004252197033091611,0.0060316975912826365
108,0-1-7-8,4,432,432,0.026277150813853827,96.30023955370876,0.009067167653339453,0.0038000134979526245,0.0044764001083592575,0.004889393920163647,0.006398049295071928
109,0-1-4-5,4,436,436,0.017019929594036594,96.3172594833028,0.0045107273454094874,0.0033755346918996243,0.0044764001083592575,0.002506203782602064,0.004239171924233176
110,0-1-7-8,4,440,440,0.013333143153139005,96.33059262645594,0.00455080049010385,0.0033515552022962644,0.0029278813993585118,0.002506203782602064,0.00337674913004804
111,0-1-4-5,4,444,444,0.0205586053609635,96.3511512318169,0.00455080049010385,0.002969556494929213,0.0029188291609472117,0.002000482552224392,0.0028753847188269788
112,0-1-7-8,4,448,448,0.024180814514767317,96.37533204633166,0.006814291517878372,0.004426866092847211,0.006207856853407634,0.003903521791152968,0.00524954491005758
113,0-1-4-5,4,452,452,0.02344823735839788,96.39878028369006,0.0062131714058524645,0.003344992238609325,0.006207856853407634,0.001503275453911723,0.0016330015394387942
114,0-1-7-8,4,456,456,0.009546569424889056,96.40832685311494,0.004487690009064202,0.0025728293565822733,0.0033998294676678142,0.0020633270907264413,0.002420440486119446
115,0-1-4-5,4,460,460,0.023343049286868686,96.43166990240181,0.006690418945695521,0.0034619112561667937,0.006557473111811873,0.0020633270907264413,0.0027535301301711
116,0-1-7-8,4,464,464,0.014052341520343356,96.44572224392215,0.006690418945695521,0.003496167403557274,0.006557473111811873,0.001993170325998299,0.0027535301301711
117,0-1-4-5,4,468,468,0.0068469180284529045,96.4525691619506,0.005698427793773895,0.003386581985015326,0.00560508032911855,0.0019022768860519773,0.0024908065399813495
118,0-1-7-8,4,472,472,0.015692323359276138,96.46826148530988,0.005698427793773895,0.0037479567817572017,0.00560508032911855,0.002961492402359928,0.002961492402327792
119,0-1-4-5,4,476,476,0.011248711032093024,96.47951019634198,0.005841313964482611,0.0036510899788844793,0.004656991158995538,0.0032527874953484446,0.0034269957398365136
120,0-1-7-8,4,480,480,0.020519357103998364,96.50002955344597,0.008004367801582743,0.004645838930219071,0.005548734315823367,0.0033053063093893592,0.004583695787260922
121,0-1-4-5,4,484,484,0.01559283863473231,96.5156223920807,0.008698906272246119,0.00555338938016324,0.005548734315823367,0.004448009646195094,0.004583695787260922
122,0-1-7-8,4,488,488,0.010734187508350371,96.52635657958905,0.008539567906531459,0.005019905885117056,0.005694784032584721,0.004624725418025288,0.0046247254180116215
123,0-1-4-5,4,492,492,0.012938431118199312,96.53929501070725,0.00860752765978523,0.005295936298485107,0.0054435365416338755,0.004824811079194103,0.0048248110791959675
124,0-1-7-8,4,496,496,0.019301290701298827,96.55859630140854,0.004695054819175161,0.0034585309243219046,0.004204372593676453,0.002468546908578624,0.002923397397772476
125,0-1-4-5,4,500,500,0.00928372207457467,96.56788002348311,0.005604754244094356,0.0036086628791587006,0.004204372593676453,0.0028062896083337896,0.003336344840626282
126,0-1-7-8,4,504,504,0.014009572238805904,96.58188959572192,0.005981716264502674,0.0035288672585635393,0.005956940644338715,0.002744172622503903,0.0027441726225134744
127,0-1-4-5,4,508,508,0.01215166848578049,96.5940412642077,0.005981716264502674,0.0034026197643086077,0.005956940644338715,0.0030177025169444965,0.0027061009016051685
128,0-1-7-8,4,512,512,0.012954812541663219,96.60699607674937,0.0070589054164673795,0.0037840573706895263,0.0049456524265991675,0.0038223763246530043,0.002727864245215983
129,0-1-4-5,4,516,516,0.020190378886983537,96.62718645563635,0.0060325399482027,0.003656616360308367,0.0049456524265991675,0.002152765392454225,0.0026119784754854436
130,0-1-7-8,4,520,520,0.02491575335234398,96.6521022089887,0.003987226355258132,0.0019469014923127706,0.0019218845763475656,0.002086160666919676,0.0019526097125250885
131,0-1-4-5,4,524,524,0.01625600124706544,96.66835821023577,0.0036857854470413276,0.002196262218925862,0.0019218845763475656,0.0019802578617580625,0.001812080838639929
132,0-1-7-8,4,528,528,0.01571105637890037,96.68406926661467,0.006029687469063296,0.003406047680601808,0.003794517187188262,0.0034543322904539214,0.002911266888411035
133,0-1-4-5,4,532,532,0.01646406634086431,96.70053333295553,0.006528999089577802,0.003646683382202238,0.004878877257723957,0.002792183236077445,0.0027921832360746635
134,0-1-7-8,4,536,536,0.015380642145617256,96.71591397510115,0.006528999089577802,0.003730365023709595,0.004878877257723957,0.0028881376685737747,0.002888137668570323
135,0-1-4-5,4,540,540,0.020588493533177227,96.73650246863433,0.008659134174018842,0.0038808158615421394,0.003072913478874284,0.004952626058844841,0.003331608363566829
136,0-1-7-8,4,544,544,0.018524004857857615,96.75502647349218,0.0084090863584553,0.004064033192304901,0.0031280646616238528,0.004472369630908725,0.005085617430928835
137,0-1-4-5,4,548,548,0.016911878172880587,96.77193835166506,0.0061284124669733105,0.0029331365564927987,0.0012664393797905404,0.0034945842955011576,0.004107832095520791
138,0-1-7-8,4,552,552,0.019322199041344062,96.7912605507064,0.004139397746112764,0.0023885021803052246,0.0028992373728442544,0.0023393202615638454,0.0030890677656429943
139,0-1-4-5,4,556,556,0.016337868167481305,96.80759841887388,0.004139397746112764,0.002900720603547983,0.0028992373728442544,0.0023393202615638454,0.0033126741077609267
140,0-1-7-8,4,560,560,0.01358484871072798,96.8211832675846,0.004525299819818616,0.003107151180762464,0.0029665332188670845,0.002530930388352605,0.003398900637066049
141,0-1-4-5,4,564,564,0.017631149894668692,96.83881441747927,0.004819313494246496,0.002927295319785637,0.0029665332188670845,0.002759914885300777,0.003398900637066049
142,0-1-7-8,4,568,568,0.010286083485220362,96.8491005009645,0.005127641955203885,0.0030524799867250193,0.003111878392047629,0.002890113813810905,0.002681213888962475
143,0-1-4-5,4,572,572,0.010186407210542101,96.85928690817504,0.004004374855187393,0.002813705837574937,0.003111878392047629,0.0021352133753928257,0.002681213888962475
144,0-1-7-8,4,576,576,0.013560642147451464,96.87284755032249,0.006920504055625992,0.0035449560177946847,0.006690560886468688,0.0021210185456005688,0.00252947007309956
145,0-1-4-5,4,580,580,0.016074269977708784,96.8889218203002,0.006920504055625992,0.004134205859006566,0.006690560886468688,0.0035117619319391126,0.003511761931939361
146,0-1-7-8,4,584,584,0.01974859015184139,96.90867041045203,0.006261181406436014,0.003905148706414579,0.004229189927855259,0.0033892354902441807,0.0033892354902604893
147,0-1-4-5,4,588,588,0.015915942109669113,96.9245863525617,0.005272295313491067,0.0029409907319327537,0.003325326490781322,0.002904371755222484,0.0028358281471128066
148,0-1-7-8,4,592,592,0.013446907012137814,96.93803325957384,0.007030431001515475,0.003435914712790147,0.005160633195288256,0.002735454898451963,0.0017565536403267856
149,0-1-4-5,4,596,596,0.017354895585268842,96.95538815515911,0.004322513419682997,0.0024281914178138652,0.0031767273358696,0.0021185200404132175,0.002403240635118209
150,0-1-7-8,4,600,600,0.0160842446822918,96.9714723998414,0.005375899923277332,0.0025571160034635445,0.0024009528650452694,0.002916279901868509,0.0046411428066122085
151,0-1-4-5,4,604,604,0.016221319749414157,96.98769371959082,0.005917650342275963,0.0032342690229967665,0.0033735850109906096,0.002842269991425525,0.0038750264643141463
152,0-1-7-8,4,608,608,0.019461743305685276,97.0071554628965,0.005917650342275963,0.0033149060650145765,0.0033735850109906096,0.002842269991425525,0.0030834529017980117
153,0-1-4-5,4,612,612,0.011721926110337276,97.01887738900685,0.0054067582545988336,0.0035273435297507594,0.002606846715281108,0.002996109237640843,0.0041211811798973486
154,0-1-7-8,4,616,616,0.01684996699827974,97.03572735600513,0.006210946184987154,0.004200086848721265,0.0037209965384477073,0.003506779361358997,0.004511613660277192
155,0-1-4-5,4,620,620,0.019728185786926047,97.05545554179206,0.005297144312777192,0.0031849992060560984,0.0037209965384477073,0.0030262940505811167,0.005210088952821934
156,0-1-7-8,4,624,624,0.020926900233192106,97.07638244202525,0.005849866641588038,0.0037901237469612414,0.005352478169882602,0.0030262940505811167,0.0025851313608882265
157,0-1-4-5,4,628,628,0.02037542034967177,97.09675786237491,0.007818300923553298,0.005209522563482718,0.005352478169882602,0.00433703994644265,0.004337039946449295
158,0-1-7-8,4,632,632,0.011122188473092254,97.10788005084801,0.007003129911963716,0.00491554037096389,0.004741389628065917,0.003973248678904028,0.003973248678903474
159,0-1-4-5,4,636,636,0.02309483349960474,97.13097488434761,0.00991824920195035,0.004578342570441266,0.004741389628065917,0.005494607830837254,0.005494607830840437
160,0-1-7-8,4,640,640,0.02313992759098717,97.1541148119386,0.004676104112407465,0.00276300471237205,0.003821651703901807,0.002398718837358038,0.0032317621720920897
161,0-1-4-5,4,644,644,0.017812894440274087,97.17192770637887,0.004676104112407465,0.00270106326712669,0.003821651703901807,0.0018600529020143541,0.003052011156803758
162,0-1-7-8,4,648,648,0.017156968925308592,97.18908467530417,0.004003065718244215,0.0026395845803690184,0.0028644532008144097,0.0020845689112062396,0.003708571238611569
163,0-1-4-5,4,652,652,0.01603495132356587,97.20511962662773,0.003730961968504012,0.0024105332720088,0.002945718781361961,0.001838288947225606,0.0013472432388326183
164,0-1-7-8,4,656,656,0.022718902641354476,97.22783852926909,0.0068157585148101866,0.003443598899586686,0.003034567565137536,0.003880533810327278,0.003880533810331599
165,0-1-4-5,4,660,660,0.016721156305443925,97.24455968557454,0.0039554452322726275,0.0023098559193160595,0.0029872960847825425,0.0021880938732320074,0.002704864919849115
166,0-1-7-8,4,664,664,0.02353831327088278,97.26809799884542,0.009854422043540824,0.004561592330778345,0.007033944511576351,0.004499620470905546,0.004611610141957101
167,0-1-4-5,4,668,668,0.016068555817751455,97.28416655466317,0.009854422043540824,0.005085441862808881,0.007033944511576351,0.0042274646857528705,0.006369435002760326
168,0-1-7-8,4,672,672,0.02041432236291605,97.30458087702608,0.006468252534488504,0.003412162700253356,0.004583093369163294,0.002615135997041569,0.0016907234723859688
169,0-1-4-5,4,676,676,0.018560517358443298,97.32314139438452,0.006003995396910399,0.004060512663527468,0.005986406305922287,0.002771387868277173,0.0025082712989998868
170,0-1-7-8,4,680,680,0.027113147724349092,97.35025454210887,0.006423414985954588,0.004555076463372795,0.005986406305922287,0.003662138404255861,0.0036621384042589966
171,0-1-4-5,4,684,684,0.023081567586539398,97.37333610969542,0.0038967818405406295,0.002313136552370141,0.003723693151215457,0.0014508065048615486,0.0016956218348411767
172,0-1-7-8,4,688,688,0.012568289630292101,97.38590439932571,0.005692744162813035,0.003417612508074766,0.003723693151215457,0.002852782743519371,0.002852782743509863
173,0-1-4-5,4,692,692,0.015172602626143776,97.40107700195185,0.004550993282489276,0.00275657485228032,0.0027022334345616628,0.0021587825396879035,0.0032511602673750417
174,0-1-7-8,4,696,696,0.028452440393578443,97.42952944234543,0.007219168841919499,0.003738362574252733,0.004996822926472078,0.002985407905447379,0.005574093104577571
175,0-1-4-5,4,700,700,0.018751362600074054,97.4482808049455,0.0049681798236297075,0.0036054297043271485,0.004826927698587724,0.0028042719267572964,0.004834020328154054
176,0-1-7-8,4,704,704,0.02004877108193998,97.46832957602744,0.0045074241453060175,0.002488018537212199,0.002578457748725782,0.0025702664341336803,0.003430458442359452
177,0-1-4-5,4,708,708,0.024542847380987193,97.49287242340843,0.00492021969521902,0.003415578550579938,0.0033058388494140445,0.002568403877903333,0.002642767237908572
178,0-1-7-8,4,712,712,0.01446219008536769,97.5073346134938,0.007077094911797182,0.0037874350885104915,0.004622229433223879,0.0030704839785702293,0.004158361558801005
179,0-1-4-5,4,716,716,0.016660518853671476,97.52399513234747,0.008552466195747569,0.004701098035579462,0.004622229433223879,0.0048625272199024775,0.004862527219906099
180,0-1-7-8,4,720,720,0.01930426537222469,97.5432993977197,0.008646110289332643,0.004345867480566664,0.008637229615686692,0.0033309568005009944,0.003362873269132649
181,0-1-4-5,4,724,724,0.0176402884215396,97.56093968614124,0.008646110289332643,0.00490264859996848,0.008637229615686692,0.004619850169207122,0.004619850169191864
182,0-1-7-8,4,728,728,0.029641038417911703,97.59058072455915,0.00633885915379723,0.0035818491785384403,0.005983208240422755,0.0024882598655569235,0.003689374008573054
183,0-1-4-5,4,732,732,0.01826374174345159,97.6088444663026,0.00633885915379723,0.0041900721826111835,0.005983208240422755,0.002723786746945982,0.00262226781964614
184,0-1-7-8,4,736,736,0.01630296615031433,97.62514743245292,0.00651528000928057,0.004237551171280564,0.003727044443294858,0.003243981746875807,0.0024965996583858896
185,0-1-4-5,4,740,740,0.012255318000047663,97.63740275045296,0.006445588644415241,0.004690781678226192,0.003727044443294858,0.003013002062455182,0.004711441231577851
186,0-1-7-8,4,744,744,0.02307910405499268,97.66048185450795,0.005532249508633148,0.0036525987302999563,0.0026771021779268267,0.00297649781574875,0.0034297854693932095
187,0-1-4-5,4,748,748,0.016254393658921784,97.67673624816688,0.00698209689573567,0.004069237050179937,0.0029976706836833955,0.0039944282136655,0.003801643733972071
188,0-1-7-8,4,752,752,0.01872740135601103,97.69546364952289,0.007729078230062283,0.0052791383000179385,0.004901665818451306,0.0043389749532914195,0.004338974953292052
189,0-1-4-5,4,756,756,0.01871117789843557,97.71417482742133,0.006159797429419256,0.004294128308037776,0.004298859873912875,0.003204945540788329,0.004092134671942915
190,0-1-7-8,4,760,760,0.022331818127638712,97.73650664554897,0.005957802794852889,0.004749280687300249,0.0040926143449553365,0.003204945540788329,0.0057836167736908806
191,0-1-4-5,4,764,764,0.029866620472118695,97.76637326602109,0.006319277001481313,0.003463513969177598,0.003843812637569499,0.0035965360890768258,0.005767173536149528
192,0-1-7-8,4,768,768,0.020938122913176354,97.78731138893427,0.0046301505369739674,0.003096783704136696,0.0039017555650389113,0.0021706374470545596,0.003461588121737691
193,0-1-4-5,4,772,772,0.014116920809812932,97.80142830974408,0.004274263920789791,0.0028439940967327857,0.0034125057870966202,0.0019517054447938341,0.0026888710701769014
194,0-1-7-8,4,776,776,0.01351652043792132,97.814944830182,0.006696621105366279,0.003570523136598787,0.006083174121300772,0.003046101023458134,0.004650306108892721
195,0-1-4-5,4,780,780,0.021291968012661283,97.83623679819466,0.006696621105366279,0.004451719165894572,0.006083174121300772,0.003524856964827064,0.0055519338919864936
196,0-1-7-8,4,784,784,0.024637069951073155,97.86087386814573,0.0062418512641212245,0.0032159383483426687,0.00308518198362151,0.003524856964827064,0.0036566366674435358
197,0-1-4-5,4,788,788,0.013509250885628897,97.87438311903136,0.0070438664347437915,0.0040733140267628,0.004000193341042291,0.0038017234177644696,0.002722088964240754
198,0-1-7-8,4,792,792,0.014683121714500981,97.88906624074586,0.00711244700971482,0.004472973764993715,0.002812606868261014,0.003860867576740471,0.003860867576754856
199,0-1-4-5,4,796,796,0.019841855546683135,97.90890809629255,0.0035899837007671155,0.0020346227166120005,0.0020795627171992237,0.0017135568979547164,0.0012480128054264128
200,0-1-7-8,4,800,800,0.011144471243460574,97.920052567536,0.003973059270815039,0.0025747239782135836,0.002219632406976757,0.0022344709341762664,0.002234470934155297
201,0-1-4-5,4,804,804,0.024563787777060708,97.94461635531306,0.007871536346288371,0.004372731340656913,0.0031913372947371954,0.004423225955925464,0.008025741167685396
202,0-1-7-8,4,808,808,0.015979062525362818,97.96059541783842,0.006673032653159548,0.004377273465034663,0.004024262266270284,0.003602515211736065,0.005806005705935036
203,0-1-4-5,4,812,812,0.013496855682561898,97.97409227352098,0.004664023502760267,0.003288962874325995,0.002857827100839927,0.0026606391627766613,0.004873097917815983
204,0-1-7-8,4,816,816,0.015946760402741202,97.99003903392372,0.007860119016886772,0.004526846559019769,0.007051354760008621,0.002815549068987514,0.004873097917815983
205,0-1-4-5,4,820,820,0.011527560231972631,98.00156659415569,0.007860119016886772,0.00489879645432984,0.007051354760008621,0.004194515557678518,0.0041945155576925686
206,0-1-7-8,4,824,824,0.015321068828476548,98.01688766298416,0.006494537672033896,0.004106902616642986,0.004726895280214194,0.00349919326517717,0.004949351945278124
207,0-1-4-5,4,828,828,0.01245619556708685,98.02934385855124,0.00670384976294346,0.004107406983834492,0.004726895280214194,0.003651364040038579,0.0036513640400244185
208,0-1-7-8,4,832,832,0.017922639721799267,98.04726649827305,0.008868585150424508,0.004178153614601959,0.003962955365295784,0.0047745520789989155,0.004274878660211812
209,0-1-4-5,4,836,836,0.017928000483975578,98.06519449875702,0.010069222540974254,0.005099345708525747,0.003962955365295784,0.0056250156953786285,0.00512534227662087
210,0-1-7-8,4,840,840,0.017528824608170353,98.08272332336519,0.006322237226700422,0.004863238392087465,0.003958946993307677,0.003418705351590051,0.00415002632117023
211,0-1-4-5,4,844,844,0.013582907123724917,98.0963062304889,0.009187091736765211,0.004771756574630663,0.003727406535602995,0.004935620736488308,0.004935620736461033
212,0-1-7-8,4,848,848,0.02017309377249467,98.1164793242614,0.010568566098238273,0.005679977598456618,0.010536219774692768,0.004371463913574681,0.004371463913550144
213,0-1-4-5,4,852,852,0.020501519080992424,98.1369808433424,0.01096923044152258,0.006961760856065678,0.010536219774692768,0.00561617854597662,0.006089600562525277
214,0-1-7-8,4,856,856,0.021630842835799767,98.1586116861782,0.011259594507799075,0.00637608325058923,0.005954764329530349,0.0063413720292871,0.006341372029289971
215,0-1-4-5,4,860,860,0.026621332640551523,98.18523301881875,0.006571229014766186,0.003740716104280613,0.005377347195320681,0.0031421899180256213,0.0034923188867850286
216,0-1-7-8,4,864,864,0.023785278564263376,98.20901829738301,0.006571229014766186,0.00396588580974833,0.005377347195320681,0.003152043610285259,0.004474152664258213
217,0-1-4-5,4,868,868,0.021150438217570657,98.23016873560059,0.007308711045304236,0.003854172084716577,0.0027199885404485258,0.00406759562697891,0.0042812459536705205
218,0-1-7-8,4,872,872,0.015940075306582344,98.24610881090717,0.007036732951793807,0.003968203488056443,0.003531419324716012,0.003609399257823721,0.00436974356075126
219,0-1-4-5,4,876,876,0.009492723232177869,98.25560153413934,0.007036732951793807,0.0039691117973259015,0.003531419324716012,0.003609399257823721,0.00436974356075126
220,0-1-7-8,4,880,880,0.009584368247821436,98.26518590238716,0.006502765760459334,0.003451928653695916,0.0037824044612051466,0.00330742017908164,0.0035349547277689908
221,0-1-4-5,4,884,884,0.019580598194750894,98.28476650058191,0.006502765760459334,0.0035556325500449666,0.0037824044612051466,0.00330742017908164,0.0034150271007007404
222,0-1-7-8,4,888,888,0.020793618637782424,98.30556011921969,0.004408376336501959,0.002879192638068146,0.002395272901367207,0.002120468554467053,0.003051536085493467
223,0-1-4-5,4,892,892,0.012362699593909347,98.3179228188136,0.004927138964203724,0.0024128036740360933,0.0016078542877266955,0.002790753809870063,0.003051536085493467
224,0-1-7-8,4,896,896,0.023280727540806553,98.34120354635441,0.006004587564349357,0.0030177552053438643,0.0025399621578543474,0.0031173807597824343,0.003117380759789512
225,0-1-4-5,4,900,900,0.024809851961392997,98.3660133983158,0.004762526343558261,0.002706287286655262,0.00302667714700533,0.002342763387267815,0.0025589988928587104
226,0-1-7-8,4,904,904,0.018883195329808554,98.3848965936456,0.006412603091327151,0.003821137932429406,0.002441928670336324,0.0035820207391664334,0.0035820207391807912
227,0-1-4-5,4,908,908,0.011252876274177297,98.39614946991978,0.007593699822913855,0.004146489755048622,0.0022873237088560927,0.004268891268498972,0.004268891268495167
228,0-1-7-8,4,912,912,0.017412084858533603,98.41356155477831,0.006941586190685888,0.0034329114116301825,0.0019646555728058956,0.003961279341744598,0.004298680546483524
229,0-1-4-5,4,916,916,0.009656943465064356,98.42321849824337,0.006941586190685888,0.004052042532896165,0.002403517032973923,0.003961279341744598,0.00671201332817617
230,0-1-7-8,4,920,920,0.019420428976879,98.44263892722024,0.011887754565838383,0.005325913015239597,0.005056045996042258,0.006510414667529942,0.006510414667530995
231,0-1-4-5,4,924,924,0.018599710564668533,98.46123863778492,0.009296764355033198,0.004898738892060827,0.005056045996042258,0.00498348918552692,0.004983489185526935
232,0-1-7-8,4,928,928,0.02394877984272753,98.48518741762764,0.006326200511735508,0.003950903408931054,0.004510686834649391,0.002718718984547168,0.0017629351076422495
233,0-1-4-5,4,932,932,0.010634652528628965,98.49582207015627,0.006326200511735508,0.0038026617623406903,0.004510686834649391,0.0028156164208714488,0.002815616420868139
234,0-1-7-8,4,936,936,0.016857709765477645,98.51267977992174,0.004591603004019753,0.0022935805003636437,0.001791846783490314,0.0024504185281402895,0.0024504185281486457
235,0-1-4-5,4,940,940,0.012559592312109279,98.52523937223386,0.005087484389760309,0.0029816518950958,0.0017214990725875623,0.002792842209705899,0.004648443690214776
236,0-1-7-8,4,944,944,0.0068820178823762275,98.53212139011623,0.0066846015494514115,0.0035638434749254377,0.002809701102279405,0.0038262051334504235,0.004849507051147839
237,0-1-4-5,4,948,948,0.013935681923360338,98.54605707203959,0.006885123516689359,0.003039019119994966,0.002809701102279405,0.003934197899336888,0.00393419789934768
238,0-1-7-8,4,952,952,0.020496317890161455,98.56655338992975,0.0053505966188257155,0.003451246232800172,0.0030664635577295485,0.0028791452844399846,0.004478310945749797
239,0-1-4-5,4,956,956,0.015890586304111744,98.58244397623386,0.004684428320374678,0.002783279360362637,0.0030664635577295485,0.0020290355681506778,0.0032709829882477948
240,0-1-7-8,4,960,960,0.02114159561116358,98.60358557184503,0.004908693345315664,0.002693138979722703,0.002663904137975237,0.0026154966774384453,0.0036127165759012314
241,0-1-4-5,4,964,964,0.014715450208099699,98.61830102205313,0.008237222050765736,0.00370649015049342,0.0029671241018149885,0.0046522760686581585,0.004652276068682681
242,0-1-7-8,4,968,968,0.015283622728551011,98.63358464478168,0.007103879835031566,0.003277145904449679,0.0037697660102935515,0.004059058227604302,0.004059058227596779
243,0-1-4-5,4,972,972,0.011745976777812974,98.6453306215595,0.006592686427085711,0.003702353053293116,0.0048812859235738415,0.0037415587302378228,0.004344512958986968
244,0-1-7-8,4,976,976,0.02322849214723307,98.66855911370673,0.005708940099261816,0.00314252345132689,0.005438804286768573,0.0021319343529266456,0.0022845539937321746
245,0-1-4-5,4,980,980,0.01278528444544898,98.68134439815218,0.006423620960317737,0.003692512992911795,0.005438804286768573,0.003086462067512404,0.002687749736772105
246,0-1-7-8,4,984,984,0.02011920652747323,98.70146360467965,0.007096033761173167,0.0036844372996655754,0.005040479169565515,0.003901367075327135,0.00454415947483966
247,0-1-4-5,4,988,988,0.02230468739000629,98.72376829206965,0.007096033761173167,0.004123183605382856,0.004483554515729793,0.003982157642304633,0.0039821576423193505
248,0-1-7-8,4,992,992,0.01890862345993109,98.74267691552959,0.006154714408893082,0.004200102671729109,0.005942842747458599,0.003274818646551316,0.0033365615604949994
249,0-1-4-5,4,996,996,0.018445925674464087,98.76112284120406,0.006154714408893082,0.003474356274103607,0.005942842747458599,0.0015329489604234046,0.002068683719798514
250,0-1-7-8,4,1000,1000,0.010812418280207757,98.77193525948427,0.005963316501508632,0.003482866142232302,0.00590507241496141,0.0019836283465955507,0.0024343367709320773
251,0-1-4-5,4,1004,1004,0.009327708137975196,98.78126296762224,0.005909536349772353,0.00337602439053903,0.005872138358796519,0.002058932713939898,0.0024343367709320773
252,0-1-7-8,4,1008,1008,0.02171228744525468,98.8029752550675,0.0070763456124109045,0.004474291892183053,0.007063820475963212,0.002485094899282843,0.003115064417769986
253,0-1-4-5,4,1012,1012,0.012306475143395116,98.81528173021088,0.0070763456124109045,0.004289434832079105,0.007063820475963212,0.0021991702293606284,0.003202660051961459
254,0-1-7-8,4,1016,1016,0.016516214783521534,98.8317979449944,0.006727586419483144,0.0039978296426983724,0.005338591293337913,0.0037356611947092725,0.00420309037501454
255,0-1-4-5,4,1020,1020,0.018068725134506428,98.84986667012892,0.00811236584164341,0.003968862354984994,0.005338591293337913,0.004239340114643554,0.004862201666611554
256,0-1-7-8,4,1024,1024,0.018758769850001748,98.86862543997891,0.006462313802768316,0.003450925730681213,0.004019136358891728,0.003158734299919832,0.0049037583064333035
257,0-1-4-5,4,1028,1028,0.01457886590091185,98.88320430587983,0.0053594526502150205,0.0027989597650643207,0.004053580962974479,0.002798445947882303,0.002706162808067347
258,0-1-7-8,4,1032,1032,0.023012897104566457,98.9062172029844,0.0048251063435901164,0.0031126406310595374,0.004496711062557779,0.0026387828195917487,0.0026387828195879592
259,0-1-4-5,4,1036,1036,0.013895423163889071,98.92011262614828,0.004496724867523987,0.0032077100564930757,0.004496711062557779,0.001806266961018676,0.003032188666580282
260,0-1-7-8,4,1040,1040,0.02271005105040201,98.94282267719868,0.004603846525192679,0.0024530134099717926,0.0027840030858357068,0.002630577061284664,0.0034555052333899994
261,0-1-4-5,4,1044,1044,0.0144532626423807,98.95727593984105,0.005220378500518761,0.00259396667688689,0.0030432978757488627,0.00243026228863037,0.004534981930618187
262,0-1-7-8,4,1048,1048,0.020095631016928957,98.97737157085798,0.005220378500518761,0.0033297499662861487,0.0030432978757488627,0.002611764197591775,0.004773810614430829
263,0-1-4-5,4,1052,1052,0.014618135248036292,98.99198970610603,0.004896683935138509,0.0034635485428265015,0.0034387926787502465,0.002611764197591775,0.004773810614430829
264,0-1-7-8,4,1056,1056,0.01597950613732192,99.00796921224335,0.0054241148122893285,0.0036356352130269254,0.004820358554425752,0.0028885416048705414,0.004313452827034325
265,0-1-4-5,4,1060,1060,0.016685267209999372,99.02465447945335,0.0054241148122893285,0.0033017173077857704,0.004820358554425752,0.0028885416048705414,0.004313452827034325
266,0-1-7-8,4,1064,1064,0.021874768815131382,99.04652924826848,0.004762312306881558,0.0028807453961046696,0.002737887134841799,0.002232564206758725,0.004219465640410647
267,0-1-4-5,4,1068,1068,0.014737049176535339,99.06126629744502,0.00658417834549054,0.0029944258516138482,0.0027806394624718678,0.0034194809684483375,0.0036646783138252204
268,0-1-7-8,4,1072,1072,0.011132520201829657,99.07239881764684,0.003595044514599576,0.0019840773599381118,0.0005812076549460699,0.0020596596740874457,0.0024093997504479603
269,0-1-4-5,4,1076,1076,0.010683137388378592,99.08308195503523,0.004404850077303304,0.002352463695802415,0.0019203872205508787,0.0025193755586868137,0.0039583286662150385
270,0-1-7-8,4,1080,1080,0.01856079360058203,99.10164274863581,0.00573635646348743,0.00348445530497219,0.005174738667818701,0.002676856928752523,0.0039583286662150385
271,0-1-4-5,4,1084,1084,0.017297279228630807,99.11894002786444,0.006056475556710564,0.003991334534750029,0.005174738667818701,0.003248435123307913,0.0034356618235804604
272,0-1-7-8,4,1088,1088,0.017585541207686826,99.13652556907212,0.008562778219386875,0.00414959190666619,0.002752771908163254,0.004868799130583918,0.003793373874728445
273,0-1-4-5,4,1092,1092,0.022277718878299806,99.15880328795042,0.008562778219386875,0.0057228419170895625,0.00397616630579023,0.004868799130583918,0.004711399355095125
274,0-1-7-8,4,1096,1096,0.018077986044747526,99.17688127399516,0.010636045499589979,0.0052961629689179624,0.00397616630579023,0.005949253630724002,0.006135596151501943
275,0-1-4-5,4,1100,1100,0.015682139539341094,99.1925634135345,0.011204872787896315,0.00666039829112511,0.008158505808282257,0.005949253630724002,0.006135596151501943
276,0-1-7-8,4,1104,1104,0.023957523440048235,99.21652093697455,0.01398812928988869,0.007044381427464067,0.008158505808282257,0.007596123254798966,0.007596123254792531
277,0-1-4-5,4,1108,1108,0.012745391979369082,99.22926632895391,0.012943854384861782,0.006499043653693537,0.0060243505449193435,0.007017573820139883,0.007017573820107259
278,0-1-7-8,4,1112,1112,0.017036784420318987,99.24630311337422,0.010877982121886783,0.005784335931110285,0.006317663771454818,0.00585197231109311,0.0058519723110990185
279,0-1-4-5,4,1116,1116,0.018804669191997213,99.26510778256622,0.006395441814519149,0.00456131548383363,0.006314651563599227,0.003465791534757204,0.003210526258648372
280,0-1-7-8,4,1120,1120,0.015852131547315244,99.28095991411354,0.00809481706848901,0.003939839582522205,0.004321455123346141,0.004514222054609795,0.004514222054631034
281,0-1-4-5,4,1124,1124,0.014341292607738476,99.29530120672128,0.007390098646012011,0.004499712055612807,0.00423909107824727,0.004117909140660005,0.004117909140639142
282,0-1-7-8,4,1128,1128,0.01322346620872321,99.30852467293,0.00827103485784229,0.004721211274456633,0.004388609484877293,0.004531936438987683,0.00453193643897265
283,0-1-4-5,4,1132,1132,0.020066793196217365,99.32859146612623,0.0072503147418068745,0.0035178091892703366,0.001868913732678834,0.004130356992322151,0.004427939772696732
284,0-1-7-8,4,1136,1136,0.012648625993186433,99.3412400921194,0.007239067818275059,0.003530020557462978,0.004134078683406983,0.004087606106247777,0.00408760610623915
285,0-1-4-5,4,1140,1140,0.019381016692997997,99.36062110881241,0.006836200391913582,0.0034091606688946285,0.004134078683406983,0.003864533960844195,0.003864533960836525
286,0-1-7-8,4,1144,1144,0.016366104468413564,99.37698721328083,0.006009516218119435,0.002984792020133443,0.002430711326638857,0.0034388964096752905,0.0034294083771158057
287,0-1-4-5,4,1148,1148,0.021052072103629308,99.39803928538446,0.010708339375043643,0.004571296597171996,0.002357874820404504,0.006001756113100071,0.007065467061323716
288,0-1-7-8,4,1152,1152,0.024481543668945283,99.4225208290534,0.0041605840024301535,0.0027373640631396788,0.004071437403808886,0.001591454429872933,0.0027711323239216767
289,0-1-4-5,4,1156,1156,0.018148945905999053,99.4406697749594,0.003731349683820733,0.0026714083346723897,0.002766964335535249,0.002002276628288115,0.0027711323239216767
290,0-1-7-8,4,1160,1160,0.015391036890118366,99.45606081184953,0.006312027910987462,0.0029761440451315816,0.004864247109665598,0.0023046873434137945,0.0030088368569565205
291,0-1-4-5,4,1164,1164,0.015969774287832483,99.47203058613736,0.006312027910987462,0.003265941091072208,0.004864247109665598,0.0023046873434137945,0.0030088368569565205
292,0-1-7-8,4,1168,1168,0.014310879946112225,99.48634146608347,0.005132657461314567,0.0030901578261636814,0.004430418071009967,0.001944738532687174,0.0018178106129482785
293,0-1-4-5,4,1172,1172,0.016350334625421608,99.50269180070889,0.006157988670052758,0.00400960519521114,0.004430418071009967,0.0026678564831085034,0.004286870548334321
294,0-1-7-8,4,1176,1176,0.023963065136890626,99.52665486584579,0.0063545922745093615,0.003944280273035256,0.0051227749564901615,0.0035151139083655766,0.0030017180811228172
295,0-1-4-5,4,1180,1180,0.02140820697196032,99.54806307281774,0.0063545922745093615,0.003617991588378343,0.0051227749564901615,0.0035151139083655766,0.004214086617920998
296,0-1-7-8,4,1184,1184,0.017475098670164457,99.5655381714879,0.005332893567215284,0.003187349330574832,0.003403412668603778,0.003012678252778395,0.004090880114070217
297,0-1-4-5,4,1188,1188,0.01145942028494635,99.57699759177285,0.0047895111909754375,0.0028362906649860974,0.0023143242209044956,0.0026284895344220326,0.004511464323336156
298,0-1-7-8,4,1192,1192,0.014993574019744776,99.59199116579259,0.004636098838341463,0.0027683355628770915,0.003265088522354631,0.0026453800467950072,0.0037037521502440995
299,0-1-4-5,4,1196,1196,0.017729475871263348,99.60972064166386,0.0073212977135266345,0.003854085004633073,0.003265088522354631,0.004037726124917093,0.005051268934771258
300,0-1-7-8,4,1200,1200,0.023308645047372744,99.63302928671123,0.0030227008746712136,0.0019291196740955712,0.0028257581395223497,0.0016444614732808928,0.002039898371272386
301,0-1-4-5,4,1204,1204,0.015826745256418827,99.64885603196765,0.005897511191494152,0.002860452359210143,0.002934804583674122,0.003351874770033128,0.002788447975049735
302,0-1-7-8,4,1208,1208,0.017075063641913343,99.66593109560957,0.005452176434369289,0.0033380637165542145,0.002934804583674122,0.003074474078511655,0.0024405707619337136
303,0-1-4-5,4,1212,1212,0.022218921653546116,99.68815001726311,0.006235824000439767,0.0040606998319616065,0.004848691515874748,0.0033921505291675032,0.0037691345140018484
304,0-1-7-8,4,1216,1216,0.02449313689541296,99.71264315415853,0.006235824000439767,0.004453797269954899,0.005093384342572449,0.0033921505291675032,0.004370609614198884
305,0-1-4-5,4,1220,1220,0.01863030187785302,99.73127345603638,0.006186975854423357,0.004588435806354512,0.005093384342572449,0.003143955552933272,0.005044429988949162
306,0-1-7-8,4,1224,1224,0.013366753690370837,99.74464020972675,0.007611245608977188,0.004774127585797049,0.006494394252598568,0.004221954585905177,0.004221954585915455
307,0-1-4-5,4,1228,1228,0.00814491901381882,99.75278512874057,0.006512336929732741,0.004379033283991086,0.006494394252598568,0.003504022741487915,0.003504022741495305
308,0-1-7-8,4,1232,1232,0.01177553555283202,99.7645606642934,0.008652207094177383,0.004377578579179208,0.00375777534641486,0.004740334169852365,0.004740334169831328
309,0-1-4-5,4,1236,1236,0.01569738643023547,99.78025805072363,0.01181514535479378,0.0052235976013157,0.005913177798674951,0.0065233543893782435,0.006523354389344149
310,0-1-7-8,4,1240,1240,0.018062788947778616,99.7983208396714,0.009596819500925119,0.005032087071338894,0.005913177798674951,0.0051610404724058275,0.005278583351795874
311,0-1-4-5,4,1244,1244,0.014271434029796169,99.8125922737012,0.00764848709951086,0.004320176140438971,0.003956058798436857,0.004022632432892199,0.004818530163518631
312,0-1-7-8,4,1248,1248,0.01664116509664694,99.82923343879784,0.00641855043531814,0.0033245439122033945,0.0029359394304151465,0.0033384350793395634,0.0033384350793213002
313,0-1-4-5,4,1252,1252,0.02121677895816391,99.850450217756,0.005348170496357452,0.0027062496204138826,0.002867613799409696,0.002842218205201646,0.0033434622744152875
314,0-1-7-8,4,1256,1256,0.014274878306807442,99.86472509606281,0.0051107318041621295,0.00271952530431352,0.002984266581677275,0.0029194987110657926,0.004230863881282687
315,0-1-4-5,4,1260,1260,0.017291416119279805,99.88201651218209,0.0051107318041621295,0.0034233622828875746,0.0030668745780531026,0.0029194987110657926,0.004370571864612316
316,0-1-7-8,4,1264,1264,0.02203723188949534,99.90405374407159,0.007975173751282295,0.004983465802035519,0.0042402633892209,0.004304696004771423,0.0046853511605178255
317,0-1-4-5,4,1268,1268,0.023674974411879154,99.92772871848346,0.009145557747643102,0.005303278898616388,0.0030477550127443465,0.005154834623091898,0.00480952097962728
318,0-1-7-8,4,1272,1272,0.02500033479992312,99.95272905328339,0.009324982306297264,0.0043423425331664154,0.0052696128139047005,0.004408037862569512,0.0029336685206686752
319,0-1-4-5,4,1276,1276,0.009683935854671024,99.96241298913806,0.008380789846150701,0.004433147260506913,0.005653114773835455,0.003545034663463086,0.0024794891129005237
320,0-1-7-8,4,1280,1280,0.021806943555657897,99.98421993269372,0.006885139905255396,0.003997244763484643,0.0032357827006705975,0.0037024780755170045,0.0038827188047960703
321,0-1-4-5,4,1284,1284,0.02025418577605191,100.00447411846977,0.008867278246309354,0.004070354874402066,0.0032357827006705975,0.004915688674100446,0.00491568867410308
322,0-1-7-8,4,1288,1288,0.018325719119350607,100.02279983758912,0.003080461242813112,0.001958059310072662,0.0028568608542229867,0.0015776007029676,0.0016024591087102635
323,0-1-4-5,4,1292,1292,0.02444999702878339,100.0472498346179,0.009452248039571098,0.004412351108863244,0.0024223379640631038,0.0054038317916525564,0.0054038317916678125
324,0-1-7-8,4,1296,1296,0.023024160947390918,100.07027399556529,0.005474520969326024,0.0038119641086183146,0.003792647364861068,0.002909409439115675,0.0035417245052968838
325,0-1-4-5,4,1300,1300,0.020617089642042993,100.09089108520733,0.005381214552820466,0.003118523545192679,0.002658472313328275,0.002909409439115675,0.0029229906447696408
326,0-1-7-8,4,1304,1304,0.025390133487804868,100.11628121869514,0.01085536428822478,0.004939773532465169,0.005077623327323977,0.005935715507409934,0.0059357155074124535
327,0-1-4-5,4,1308,1308,0.019613877886565833,100.1358950965817,0.007179562435514997,0.0037603121205144483,0.0047991378088880765,0.003858456145725856,0.0038584561457284394
328,0-1-7-8,4,1312,1312,0.033180700983006704,100.16907579756472,0.004795479929538826,0.002626928896952945,0.0028002618907834176,0.002600345205803319,0.002600345205820531
329,0-1-4-5,4,1316,1316,0.012067474243466719,100.18114327180818,0.004878415828148469,0.0030111706861989202,0.0036265522768275105,0.0026665495263219086,0.0030560916440762753
330,0-1-7-8,4,1320,1320,0.016967459388297176,100.19811073119648,0.007609967651694505,0.00368940138397482,0.0036265522768275105,0.004272695496061479,0.0042726954960699
331,0-1-4-5,4,1324,1324,0.018868458531716873,100.21697918972819,0.006420007038825602,0.0032480890068491497,0.0029176708026028564,0.003582148131322534,0.003582148131329177
332,0-1-7-8,4,1328,1328,0.014956408958475928,100.23193559868668,0.005081027845268089,0.0027596973441471355,0.002082658223002909,0.002828992864123284,0.002828992864102986
333,0-1-4-5,4,1332,1332,0.013603652691445374,100.24553925137812,0.0058439605355295856,0.0035602868708693746,0.002585108841969941,0.00300288798034655,0.005416420197619232
334,0-1-7-8,4,1336,1336,0.019946967930372355,100.26548621930849,0.00738733644003432,0.004577916213994078,0.007195905255770185,0.003123412890354773,0.005416420197619232
335,0-1-4-5,4,1340,1340,0.019558430226724977,100.28504464953521,0.00738733644003432,0.004458551665547621,0.007195905255770185,0.004042093046392293,0.004042093046372486
336,0-1-7-8,4,1344,1344,0.01784909247808434,100.3028937420133,0.006888075160379342,0.003524474362352966,0.005819760808563501,0.0025736967588938344,0.0030711086207872995
337,0-1-4-5,4,1348,1348,0.017823694759574904,100.32071743677287,0.005207882760819368,0.00302157093200399,0.0031206754713650753,0.002694200615970954,0.0030050242067218846
338,0-1-7-8,4,1352,1352,0.015753287633986486,100.33647072440685,0.006136256216281616,0.003274318168334603,0.003976476449977895,0.0030119049297870335,0.0030119049297923084
339,0-1-4-5,4,1356,1356,0.00873098765909798,100.34520171206594,0.0067308492819983055,0.0038066000251983805,0.003976476449977895,0.0036023128350772386,0.003602312835084831
340,0-1-7-8,4,1360,1360,0.01620607851906676,100.361407790585,0.007698150461884045,0.0034388560932223557,0.006238620208065981,0.00258418622759719,0.003208839983763312
341,0-1-4-5,4,1364,1364,0.016201442348554647,100.37760923293357,0.007698150461884045,0.004330733878357897,0.006238620208065981,0.003147429389767912,0.004010113017407946
342,0-1-7-8,4,1368,1368,0.016733718553404078,100.39434295148698,0.010171312225352584,0.004769701305249565,0.006373635052270288,0.0045418019140828604,0.002964173607161058
343,0-1-4-5,4,1372,1372,0.016909867707498343,100.41125281919447,0.007757604809658142,0.004031178838669117,0.004451939343994127,0.0036400845824408863,0.0023880112735525927
344,0-1-7-8,4,1376,1376,0.014472755981789345,100.42572557517626,0.007818160757887332,0.004434932025492872,0.00531187404961031,0.003286869651881969,0.0036935773147135365
345,0-1-4-5,4,1380,1380,0.013433103926683423,100.43915867910295,0.007963313518915811,0.004370993582073154,0.004688101518951271,0.0041663378528024216,0.0036151722564028432
346,0-1-7-8,4,1384,1384,0.016091383437048853,100.45525006253999,0.0059106804240087775,0.003464745077340541,0.0059095923677716655,0.0028115158619961577,0.003661500052139388
347,0-1-4-5,4,1388,1388,0.01866891397797024,100.47391897651796,0.0059106804240087775,0.0038354276805478084,0.0059095923677716655,0.002314695432723445,0.0032254346391837885
348,0-1-7-8,4,1392,1392,0.024088699610652083,100.49800767612862,0.006199995841184845,0.003121450323293041,0.0029927946572456676,0.0033640520255480842,0.004984189965732355
349,0-1-4-5,4,1396,1396,0.018294735777125,100.51630241190574,0.0056000914003184014,0.003464831891771779,0.0034860904015232563,0.0031893144349934618,0.004809452375234002
350,0-1-7-8,4,1400,1400,0.015402528088108465,100.53170493999384,0.0048391586098932475,0.003569802289305321,0.0034860904015232563,0.0026087861425166596,0.004688070390265864
351,0-1-4-5,4,1404,1404,0.01262763352401077,100.54433257351785,0.0061970247909489,0.0030170793167591035,0.0018098450871093519,0.003467108508102824,0.004418502092789822
352,0-1-7-8,4,1408,1408,0.022824727667375994,100.56715730118522,0.004783903430728581,0.0027057560707902306,0.004783733858872097,0.0019230135993350355,0.0024454173392740586
353,0-1-4-5,4,1412,1412,0.016171506724037964,100.58332880790925,0.006217607457723088,0.0037059508284558815,0.004783733858872097,0.003384095716474268,0.003384095716469915
354,0-1-7-8,4,1416,1416,0.014371517444972405,100.59770032535423,0.005524304980188073,0.00309038181532506,0.0026885676525125746,0.0031196236816513597,0.00336513143056294
355,0-1-4-5,4,1420,1420,0.014969506289311436,100.61266983164353,0.003386739229016957,0.0023319893928877137,0.003368896525628884,0.001563414250451041,0.0025515511187350626
356,0-1-7-8,4,1424,1424,0.014552531121222744,100.62722236276475,0.007308468675673424,0.0038747498688510317,0.004470346682069248,0.004121518129288169,0.0058685659403607815
357,0-1-4-5,4,1428,1428,0.015799802079805133,100.64302216484457,0.007000877399137305,0.004481747925602212,0.0063126986522661355,0.0033147940938960015,0.005061841904968389
358,0-1-7-8,4,1432,1432,0.024349854629527483,100.6673720194741,0.007000877399137305,0.004264129443109594,0.0063126986522661355,0.0030109761595010593,0.0038203191158601157
359,0-1-4-5,4,1436,1436,0.020392260563677683,100.68776428003778,0.005354401855853412,0.0032112562551551986,0.0036714175598575594,0.0030109761595010593,0.0038203191158601157
360,0-1-7-8,4,1440,1440,0.01664997866171545,100.7044142586995,0.008656517509078067,0.00406548332169207,0.0036714175598575594,0.004926005551861456,0.005725631899210271
361,0-1-4-5,4,1444,1444,0.01643882379895752,100.72085308249846,0.00670660356624055,0.003791464820940922,0.005165808797130467,0.003438336289060336,0.0033625533804766405
362,0-1-7-8,4,1448,1448,0.019003237522424513,100.73985632002089,0.007637608795147294,0.004122043687686515,0.005165808797130467,0.004293982082873864,0.004293982082863579
363,0-1-4-5,4,1452,1452,0.010961390415447941,100.75081771043634,0.00926310164117211,0.003988301839306648,0.0027327857088010887,0.005255424594065939,0.005255424594068359
364,0-1-7-8,4,1456,1456,0.012618084704215562,100.76343579514055,0.008179943571257186,0.0033808789019861047,0.003356383485439096,0.0046482640882307465,0.004648264088238818
365,0-1-4-5,4,1460,1460,0.017992969893287972,100.78142876503384,0.004403398570120318,0.0026511740824856902,0.0040858344418381876,0.0010316546432960004,0.0013026578354740082
366,0-1-7-8,4,1464,1464,0.01382373971228042,100.79525250474612,0.004668096694250454,0.003196196684702151,0.004600691532431256,0.0014914371053778492,0.0015615044142904821
367,0-1-4-5,4,1468,1468,0.021068260140682506,100.8163207648868,0.007264233750974772,0.004277537117934468,0.004600691532431256,0.0036918342165573013,0.0035198094711077488
368,0-1-7-8,4,1472,1472,0.015985482184774982,100.83230624707157,0.007264233750974772,0.003710157353149027,0.0033544339864306494,0.0036918342165573013,0.0029644727351012534
369,0-1-4-5,4,1476,1476,0.014115373605185944,100.84642162067675,0.007981235917458387,0.004533905978891524,0.003903904957184068,0.004515132033186378,0.004572949626485467
370,0-1-7-8,4,1480,1480,0.013587413685847264,100.86000903436259,0.00816548251713231,0.004869067844453854,0.003657121608355851,0.004660398134460022,0.004660398134468835
371,0-1-4-5,4,1484,1484,0.02394974189494272,100.88395877625753,0.004063127147477599,0.002477833543665166,0.003657121608355851,0.0023014937720196864,0.0023014937720091666
372,0-1-7-8,4,1488,1488,0.02118735052645589,100.90514612678399,0.004662879097952528,0.002370202059455784,0.002500184817790796,0.002665332754417751,0.0034619056959996897
373,0-1-4-5,4,1492,1492,0.015420685029064313,100.92056681181306,0.004662879097952528,0.002776253846160302,0.002377532479258093,0.002665332754417751,0.0034619056959996897
374,0-1-7-8,4,1496,1496,0.014123838658910747,100.93469065047196,0.004948159640093263,0.003168376615170376,0.0029897403675107626,0.0027933977949770998,0.004178384952744807
375,0-1-4-5,4,1500,1500,0.017377407214156808,100.95206805768612,0.008306086028971175,0.004278409852721342,0.0034866998614973,0.004605772490846447,0.00460577249084082
376,0-1-7-8,4,1504,1504,0.014776357517035236,100.96684441520316,0.007263708663613009,0.0048195991331003146,0.004047450599401259,0.004017910410501811,0.004411329130455499
377,0-1-4-5,4,1508,1508,0.012973122250534885,100.97981753745368,0.009167755588321844,0.00536219899230682,0.005036725146297272,0.004506158269470026,0.005014088436425368
378,0-1-7-8,4,1512,1512,0.02043893402163517,101.00025647147532,0.009342711950514056,0.006033275293532603,0.00677749506233738,0.005222273874446322,0.005222273874444738
379,0-1-4-5,4,1516,1516,0.020700158737738596,101.02095663021306,0.011909706419983977,0.006755969920000641,0.00677749506233738,0.006569488803210521,0.006569488803215506
380,0-1-7-8,4,1520,1520,0.02681101441375808,101.04776764462682,0.007662692305002173,0.0049019621622670585,0.005916472429305486,0.003866871192316979,0.0038668711923222077
381,0-1-4-5,4,1524,1524,0.020091468063716388,101.06785911269053,0.007072074475422074,0.004290932811957085,0.005916472429305486,0.003530312694797255,0.00353031269479942
382,0-1-7-8,4,1528,1528,0.015688112133266548,101.08354722482379,0.006192981896397005,0.0037054332932288654,0.005296704217158776,0.002964158431153573,0.00411046725402997
383,0-1-4-5,4,1532,1532,0.01342957051028716,101.09697679533407,0.006192981896397005,0.004411610439031549,0.005296704217158776,0.003357249520434908,0.0033572495204339248
384,0-1-7-8,4,1536,1536,0.02184825271786337,101.11882504805193,0.005578957889153737,0.003405865132932005,0.003540307504678708,0.003105898059066487,0.0031058980590756846
385,0-1-4-5,4,1540,1540,0.015375079618319933,101.13420012767025,0.004945075843391784,0.002959722846041493,0.0037854645783284013,0.0018230189751457131,0.0016957873206706608
386,0-1-7-8,4,1544,1544,0.011662108869423217,101.14586223653968,0.006429339089514979,0.003706590837195692,0.0037854645783284013,0.003540840646711035,0.0035408406467141162
387,0-1-4-5,4,1548,1548,0.011668618537607861,101.1575308550773,0.005017146388948892,0.003379420443613926,0.003685309371618928,0.002866297687892365,0.0027534324128737353
388,0-1-7-8,4,1552,1552,0.014383450673737369,101.17191430575103,0.005820915802161747,0.0036940027220175283,0.003468418876849455,0.002866297687892365,0.003878428638593334
389,0-1-4-5,4,1556,1556,0.02428100938813945,101.19619531513916,0.003688209007918965,0.0021024633508707124,0.0019281125974828228,0.0018861328961207295,0.0019756531746040196
390,0-1-7-8,4,1560,1560,0.019593321666892666,101.21578863680605,0.006124832267386178,0.0028487176954804143,0.004757389475628315,0.002464765837515197,0.0030911294752300478
391,0-1-4-5,4,1564,1564,0.015042867784918838,101.23083150459097,0.006124832267386178,0.0031906466874710012,0.004757389475628315,0.0026922363862621045,0.0044923272233461375
392,0-1-7-8,4,1568,1568,0.014259673742149254,101.24509117833311,0.003831895760331419,0.002774521500783623,0.003747271375019068,0.0018055106065918735,0.002150703880523963
393,0-1-4-5,4,1572,1572,0.010460639477851176,101.25555181781097,0.003831895760331419,0.0025108994917291566,0.003747271375019068,0.0019286309864929106,0.002150703880523963
394,0-1-7-8,4,1576,1576,0.01447093881549662,101.27002275662646,0.004018447160639313,0.002329872335585123,0.0021850964197795975,0.0020919134267033475,0.0036713175025937517
395,0-1-4-5,4,1580,1580,0.02116643488259675,101.29118919150906,0.003942708834226068,0.0026611183597823828,0.003657042248022435,0.001889673395447716,0.0025705486063358762
396,0-1-7-8,4,1584,1584,0.014298238760950936,101.30548743027002,0.0055750668092240385,0.0032255083835848962,0.0020099040560950243,0.003157449728284196,0.004151444100919832
397,0-1-4-5,4,1588,1588,0.009839829734001002,101.31532726000403,0.004085359363508376,0.0027733703213890493,0.0030905531353369042,0.002111232121207333,0.0038221821438853
398,0-1-7-8,4,1592,1592,0.015913248209952015,101.33124050821398,0.006059507482549105,0.0029097399609723535,0.0030905531353369042,0.0032268432195814373,0.0037233769891074076
399,0-1-4-5,4,1596,1596,0.01840756979873745,101.34964807801272,0.004047391421030057,0.002329163085133782,0.0020863499840402255,0.002147333812970063,0.0012554728032370122
400,0-1-7-8,4,1600,1600,0.017465399904672215,101.36711347791739,0.0072722117786851,0.0037501854288698715,0.002937458775548407,0.0041614637339208345,0.003574008025189812
401,0-1-4-5,4,1604,1604,0.012638941044985212,101.37975241896237,0.008623911332958407,0.004493476858382693,0.003211286163249838,0.004825431734084977,0.004825431734083452
402,0-1-7-8,4,1608,1608,0.022081441860526255,101.40183386082289,0.003992597365481084,0.0020212679413547188,0.0028177944803218224,0.0018010088380202888,0.0021393484836380594
403,0-1-4-5,4,1612,1612,0.013545344616528607,101.41537920543942,0.0039687165645099125,0.0023527241126765556,0.0026509088004331716,0.002272789314974576,0.002213202027704142
404,0-1-7-8,4,1616,1616,0.02088471156004032,101.43626391699947,0.003984655626652898,0.002545916951741156,0.0021427458163429947,0.002272789314974576,0.003096219039633752
405,0-1-4-5,4,1620,1620,0.020379083356208735,101.45664300035567,0.0055975346138921285,0.002523323191562035,0.005259393326952022,0.001502713707142771,0.002600547592990665
406,0-1-7-8,4,1624,1624,0.02408141145863187,101.48072441181431,0.0061118577284184575,0.0039154527670447765,0.005259393326952022,0.002621219058930132,0.003418167890743007
407,0-1-4-5,4,1628,1628,0.019722825339859036,101.50044723715416,0.007341873713743229,0.00479586638415153,0.005142409136311699,0.003816042229496653,0.006437261288446905
408,0-1-7-8,4,1632,1632,0.022718181355606545,101.52316541850976,0.009033838660549983,0.004766173337275799,0.005257776248015489,0.004209148854464496,0.0029733769026023538
409,0-1-4-5,4,1636,1636,0.01589467265392939,101.53906009116369,0.005926550346564385,0.0041727281728967825,0.00512309981395731,0.0027889979820119397,0.0023548987176980063
410,0-1-7-8,4,1640,1640,0.018191391085404456,101.5572514822491,0.006279630120626152,0.004325568179081924,0.006279101236032147,0.002877759423358741,0.0049463278800203625
411,0-1-4-5,4,1644,1644,0.014732557214701847,101.5719840394638,0.007526344682735769,0.004312927218146137,0.007223550537929668,0.002877759423358741,0.004077897966674016
412,0-1-7-8,4,1648,1648,0.026288286439684797,101.59827232590348,0.00805027898655839,0.005107228946951641,0.007545892422186284,0.00295998395209093,0.003553581237461856
413,0-1-4-5,4,1652,1652,0.024531864660737146,101.62280419056421,0.007369584993966253,0.0048306529125732465,0.005250672815435564,0.0029629520715712203,0.004248172172211184
414,0-1-7-8,4,1656,1656,0.023333742405519643,101.64613793296974,0.005360501895470532,0.0030724596771469124,0.003730083998959799,0.0026812411906118453,0.003051256274886782
415,0-1-4-5,4,1660,1660,0.021664250838016597,101.66780218380775,0.00604625817906536,0.002900555298605427,0.0036781404850358967,0.00298478433047653,0.003148145103097022
416,0-1-7-8,4,1664,1664,0.010815389592466383,101.67861757340022,0.008269884429282429,0.0036083382153888465,0.004297931328352433,0.004728160560779741,0.00493755404500007
417,0-1-4-5,4,1668,1668,0.01574372738295433,101.69436130078317,0.0049979242971964575,0.0030012199891843922,0.003855027517658982,0.00281717595743874,0.0034767097687122828
418,0-1-7-8,4,1672,1672,0.02023812605427697,101.71459942683745,0.004960356346245221,0.002910075107867051,0.003855027517658982,0.002838957463113442,0.0028389574630907077
419,0-1-4-5,4,1676,1676,0.020746799412608517,101.73534622625006,0.004226850342186821,0.0028937891776139924,0.003462328273968751,0.002344030597044222,0.0030607762451992926
420,0-1-7-8,4,1680,1680,0.022431935912967604,101.75777816216302,0.005762718907191199,0.0036994621186124863,0.003462328273968751,0.003190277542216999,0.003418623406858501
421,0-1-4-5,4,1684,1684,0.01628980327316039,101.77406796543617,0.00440926829071302,0.002841041205528228,0.0031746447664176003,0.002346177855156327,0.004207709532742854
422,0-1-7-8,4,1688,1688,0.01693559735271496,101.79100356278889,0.005488942921620153,0.002733228811117674,0.005428293922321359,0.0018615316776063957,0.0025312332621112432
423,0-1-4-5,4,1692,1692,0.011275860321886207,101.80227942311078,0.005545220736727841,0.003096686331891932,0.005428293922321359,0.0027992942219169548,0.003265501480797184
424,0-1-7-8,4,1696,1696,0.018833148702086435,101.82111257181286,0.004463013446995395,0.002470999092153077,0.0038812349590955364,0.001297234986314764,0.0019404759259273874
425,0-1-4-5,4,1700,1700,0.022452423920643866,101.8435649957335,0.004684112241495154,0.00291807150960877,0.0038812349590955364,0.0022228461412639247,0.003433812284384885
426,0-1-7-8,4,1704,1704,0.01669494342689557,101.8602599391604,0.005304308270763957,0.0030260337171441605,0.004810287913386446,0.0022675500616982248,0.0022675500617097555
427,0-1-4-5,4,1708,1708,0.01627303552484304,101.87653297468525,0.008287117179313961,0.004019125847346747,0.004753088889614787,0.004744756993977979,0.004744756993964927
428,0-1-7-8,4,1712,1712,0.01858748328320152,101.89512045796845,0.004833374200755592,0.002981162975386706,0.0031550407949509918,0.0027592907156679804,0.002759290715687257
429,0-1-4-5,4,1716,1716,0.016962149405524745,101.91208260737397,0.005272263854223376,0.0026746700922083964,0.002108207211378499,0.002972758483053519,0.0029727584830752107
430,0-1-7-8,4,1720,1720,0.019437750192551912,101.93152035756653,0.004444808455708466,0.0032425921672628475,0.0034057941535650116,0.0025368160068262083,0.0026864894993892108
431,0-1-4-5,4,1724,1724,0.008264234724434626,101.93978459229096,0.005200640064783694,0.003364124484374671,0.0034057941535650116,0.00297153273900816,0.0033193443912509224
432,0-1-7-8,4,1728,1728,0.016545956746762777,101.95633054903773,0.007375883645796081,0.004085365718565467,0.005453807729395521,0.002845298590654305,0.0033193443912509224
433,0-1-4-5,4,1732,1732,0.014945361918446861,101.97127591095618,0.005787370585148589,0.0042774824773316325,0.004387041668053371,0.0030709463281709424,0.0034791392560649115
434,0-1-7-8,4,1736,1736,0.010706575743243634,101.98198248669942,0.0068766465635642805,0.00422442369869741,0.0050959108028934,0.0039340251846327985,0.003934025184634038
435,0-1-4-5,4,1740,1740,0.017820877355652392,101.99980336405507,0.0063874353458536,0.004055727606375989,0.0050959108028934,0.0028845589451370708,0.003992906307821897
436,0-1-7-8,4,1744,1744,0.022678636573665707,102.02248200062873,0.004721382448670082,0.002699070812726653,0.0037313343205198635,0.0022820469675974638,0.0023396883069892738
437,0-1-4-5,4,1748,1748,0.018539506644323408,102.04102150727304,0.0058552621145309056,0.003443983265866569,0.0037313343205198635,0.003284698777082688,0.0032846987771080194
438,0-1-7-8,4,1752,1752,0.018123495835807506,102.05914500310885,0.004192982618794551,0.0029101279967171253,0.0035127346750982724,0.0016103283454070433,0.003105511172023512
439,0-1-4-5,4,1756,1756,0.019626984659406932,102.07877198776826,0.00536832892360497,0.0032243884161723083,0.003257409008327272,0.0030757556108092373,0.004654816311230547
440,0-1-7-8,4,1760,1760,0.024739584616113745,102.10351157238438,0.00546379132684181,0.0027090827451468056,0.005224032615288365,0.0019767199484001428,0.0033957088953044945
441,0-1-4-5,4,1764,1764,0.0097556699450833,102.11326724232946,0.00546379132684181,0.0027339009572260966,0.005224032615288365,0.0017485954381972926,0.0027139080291220807
442,0-1-7-8,4,1768,1768,0.025717910748975566,102.13898515307844,0.006883989512598039,0.0032570144852000285,0.00456211472429402,0.0029536632019568003,0.0027139080291220807
443,0-1-4-5,4,1772,1772,0.01537194339043267,102.15435709646887,0.005765883251583182,0.0034439168999867466,0.003801092217415203,0.003163234518874287,0.0045942171537589616
444,0-1-7-8,4,1776,1776,0.009962602650251397,102.16431969911912,0.005716940780613298,0.004027111606696411,0.00449281684221603,0.003266198051703127,0.00451491858979125
445,0-1-4-5,4,1780,1780,0.019311735217424113,102.18363143433655,0.0046297757440420025,0.0030657435593746305,0.00449281684221603,0.0023176180133525834,0.003401715385116688
446,0-1-7-8,4,1784,1784,0.028580831096554696,102.2122122654331,0.005208031756631138,0.0029457171749586947,0.002719918282934941,0.0027600551516552287,0.0032206699131620553
447,0-1-4-5,4,1788,1788,0.020867999953868125,102.23308026538696,0.007887052835981985,0.004563953903418562,0.002967922300030068,0.004505665988737872,0.004505665988752128
448,0-1-7-8,4,1792,1792,0.020351679562041418,102.253431944949,0.008327873501184224,0.0047191467743993775,0.004434965375651245,0.0046787050070164135,0.0048570692077447575
449,0-1-4-5,4,1796,1796,0.014276816885560734,102.26770876183456,0.008208115765195789,0.004523306587560003,0.004434965375651245,0.0045567791908091935,0.0029406464083052697
450,0-1-7-8,4,1800,1800,0.019002501104920518,102.28671126293948,0.00533685117648213,0.0032770054238159567,0.004921344174135811,0.0020560870631170618,0.0032495165105004276
451,0-1-4-5,4,1804,1804,0.01649526160590748,102.30320652454539,0.006327593033086681,0.0036761497114217714,0.004921344174135811,0.003618290755933459,0.005438260294660324
452,0-1-7-8,4,1808,1808,0.024849154660205364,102.32805567920559,0.008459421634717456,0.004442706157528329,0.008221929411675433,0.003618290755933459,0.005438260294660324
453,0-1-4-5,4,1812,1812,0.02113624728706731,102.34919192649265,0.008459421634717456,0.004405242095052835,0.008221929411675433,0.003290257278204413,0.003191004454549784
454,0-1-7-8,4,1816,1816,0.02102041708298636,102.37021234357563,0.006720193266408682,0.002646410608062332,0.002485981059365372,0.003784077848071225,0.0037840778480671133
455,0-1-4-5,4,1820,1820,0.013227896528557425,102.38344024010419,0.004707233690020746,0.002400298739672162,0.004545590357338369,0.001855725253773917,0.0020359863872343453
456,0-1-7-8,4,1824,1824,0.021002520364290754,102.40444276046848,0.005359235947967552,0.0034385158357643046,0.004545590357338369,0.003043687448800553,0.00368161103738629
457,0-1-4-5,4,1828,1828,0.02816568268962427,102.4326084431581,0.003699479370372502,0.002278452554260254,0.001455141456375486,0.0020721808320390005,0.0034245386657403287
458,0-1-7-8,4,1832,1832,0.018025478054546174,102.45063392121264,0.00676706008557862,0.003573299843384789,0.003609853770640825,0.0038747195360716233,0.003767894717931597
459,0-1-4-5,4,1836,1836,0.020904680729902467,102.47153860194254,0.004041179893210248,0.002538466938665154,0.0032783865915604338,0.0022834410424738944,0.0022834410424792395
460,0-1-7-8,4,1840,1840,0.015425710334809857,102.48696431227735,0.003859805176318461,0.0026033262962831213,0.003705882434687169,0.0016384767643462998,0.0019309375674794182
461,0-1-4-5,4,1844,1844,0.010261952803213093,102.49722626508057,0.005784171347351206,0.0031126697611492944,0.004053542362228768,0.0031664570196523337,0.003231708207820816
462,0-1-7-8,4,1848,1848,0.022192443422153173,102.51941870850273,0.006426519161940053,0.0030553163623072053,0.0017072920574179307,0.003627948186112479,0.0033769450416798463
463,0-1-4-5,4,1852,1852,0.018074240585712886,102.53749294908845,0.0034803803842559594,0.0022518513478000644,0.002609864802607831,0.001991119742499626,0.0031699341500726064
464,0-1-7-8,4,1856,1856,0.01703085875298293,102.55452380784143,0.003108961502902288,0.002275010023864512,0.0029633906365233997,0.001578330735327414,0.002840211336284426
465,0-1-4-5,4,1860,1860,0.009035186429866992,102.5635589942713,0.0037669451988906356,0.0025509482169017617,0.0036062025240823914,0.0017110339271519776,0.002296369019390454
466,0-1-7-8,4,1864,1864,0.020520281624838183,102.58407927589614,0.006496692757513903,0.004189298554907058,0.006462752572900854,0.0034378155028485717,0.003437815502834951
467,0-1-4-5,4,1868,1868,0.019774909330914928,102.60385418522706,0.007523927242234422,0.004743962606336587,0.006462752572900854,0.0038660499942171083,0.003486047039395146
468,0-1-7-8,4,1872,1872,0.01939518592252299,102.62324937114958,0.011186002890210033,0.0048890965971461805,0.011157623162603159,0.002079011380077359,0.0021611651119499697
469,0-1-4-5,4,1876,1876,0.01811637948983301,102.64136575063942,0.011186002890210033,0.006103747914859056,0.011157623162603159,0.002948861325558137,0.0029521077346004176
470,0-1-7-8,4,1880,1880,0.013716083463950587,102.65508183410337,0.008344119803421519,0.005670605231704936,0.008307806196071965,0.002948861325558137,0.002421057841971219
471,0-1-4-5,4,1884,1884,0.018219360224445178,102.67330119432782,0.008344119803421519,0.0049728390351429655,0.008307806196071965,0.0029904280968496,0.002990428096858011
472,0-1-7-8,4,1888,1888,0.02136727055149566,102.69466846487931,0.007065955488887876,0.004096096501510042,0.006551830045992801,0.0028625308130693695,0.004258780006544782
473,0-1-4-5,4,1892,1892,0.015014036862500801,102.70968250174181,0.008495078606721076,0.004873448114583386,0.007047350209944625,0.0044346271343177045,0.004612660093599175
474,0-1-7-8,4,1896,1896,0.02541079684234576,102.73509329858416,0.005244872177193583,0.0031524394245539657,0.00314437022649372,0.002450422378290787,0.0033343115937753964
475,0-1-4-5,4,1900,1900,0.016541882046636182,102.7516351806308,0.0055995378452460415,0.0031436289721160447,0.00314437022649372,0.003165632766896858,0.004369312915748935
476,0-1-7-8,4,1904,1904,0.021173208925649632,102.77280838955645,0.0055995378452460415,0.0029125522197844898,0.004095625775917711,0.003165632766896858,0.004369312915748935
477,0-1-4-5,4,1908,1908,0.014464204878871402,102.78727259443532,0.006930574909768598,0.004071588510420845,0.004095625775917711,0.0039199978508396216,0.006904145147117902
478,0-1-7-8,4,1912,1912,0.015117924942297306,102.80239051937762,0.007278420062152627,0.004640705896866442,0.005119914074455778,0.0039199978508396216,0.006904145147117902
479,0-1-4-5,4,1916,1916,0.019006328868394737,102.82139684824602,0.008809175864916004,0.004534820366552339,0.0038957128307259836,0.00452682235694971,0.0040509545402258595
480,0-1-7-8,4,1920,1920,0.01811436061899567,102.83951120886502,0.011185043252106692,0.005352679186171814,0.006363952047010457,0.006073990522860117,0.006073990522864392
481,0-1-4-5,4,1924,1924,0.01667186765813129,102.85618307652315,0.008030622880127,0.00457931396559418,0.006363952047010457,0.004399615985495489,0.004399615985491323
482,0-1-7-8,4,1928,1928,0.025491209031348525,102.8816742855545,0.005071549417550294,0.0034531299881611407,0.0036946249345248816,0.002819748530900069,0.002819748530910715
483,0-1-4-5,4,1932,1932,0.025536789980689416,102.90721107553519,0.009216320071653199,0.004879304614794696,0.0036946249345248816,0.005195599522504179,0.004244579071219334
484,0-1-7-8,4,1936,1936,0.017491821535960284,102.92470289707114,0.00725864183344327,0.005060841471134867,0.006091964736384625,0.004158895243146716,0.004168667626196054
485,0-1-4-5,4,1940,1940,0.012917991975812764,102.93762088904695,0.006596506279356679,0.004499477584898592,0.006091964736384625,0.003703043964894818,0.0037030439649043956
486,0-1-7-8,4,1944,1944,0.017604908688348204,102.95522579773531,0.006497663510564857,0.0038486555817343207,0.006209414627974752,0.0028389410845290545,0.002060968221350379
487,0-1-4-5,4,1948,1948,0.027685319877496235,102.9829111176128,0.006566355747309942,0.0040826769946183915,0.006209414627974752,0.00334812201453203,0.0033823132986015025
488,0-1-7-8,4,1952,1952,0.016417879244706612,102.99932899685751,0.006566355747309942,0.0036326617975800286,0.003646634225177081,0.00334812201453203,0.00423294723670864
489,0-1-4-5,4,1956,1956,0.01790248801444827,103.01723148487196,0.005725675524476755,0.0028647486798455027,0.003646634225177081,0.0025292131204707733,0.0035686244391683886
490,0-1-7-8,4,1960,1960,0.017819734776235413,103.0350512196482,0.00572173670510337,0.003575610339483719,0.00501133190822145,0.0025027962903569683,0.003985944830432686
491,0-1-4-5,4,1964,1964,0.018110649234137008,103.05316186888233,0.006530587668910293,0.0039004465143163774,0.005282305397273035,0.0024528905192060385,0.0033914738904101682
492,0-1-7-8,4,1968,1968,0.026120823080124044,103.07928269196245,0.009020232177559557,0.005282062758642871,0.008687363962692984,0.002318656955406502,0.004288606093297176
493,0-1-4-5,4,1972,1972,0.013472637865995046,103.09275532982845,0.009020232177559557,0.004937779915791374,0.008687363962692984,0.0032455373021774143,0.005267063028817631
494,0-1-7-8,4,1976,1976,0.017388240419899097,103.11014357024835,0.009112736100632332,0.0053877856490289495,0.00864322128742856,0.003707207490661471,0.003707207490656117
495,0-1-4-5,4,1980,1980,0.017033772769201393,103.12717734301755,0.01146967373988251,0.00571748296548161,0.00864322128742856,0.0064412145975691,0.006441214597579403
496,0-1-7-8,4,1984,1984,0.014955070846009682,103.14213241386356,0.009511896445118595,0.005269123143134248,0.00930640261688609,0.0042422313360721995,0.004242231336078817
497,0-1-4-5,4,1988,1988,0.016994223568211373,103.15912663743177,0.009511896445118595,0.005540332305755828,0.00930640261688609,0.0042928022691677715,0.004473920830186273
498,0-1-7-8,4,1992,1992,0.013509519501525853,103.1726361569333,0.006903625848184017,0.005326480054351331,0.006607012757967823,0.003928826816598101,0.004769997888104172
499,0-1-4-5,4,1996,1996,0.01611710072355152,103.18875325765684,0.007946569039473621,0.004892715507012448,0.007623758733856789,0.0022734088878661914,0.0022734088878735292
500,0-1-7-8,4,2000,2000,0.018246575268973372,103.20699983292582,0.007946569039473621,0.004261731480801164,0.007623758733856789,0.0015264342433478038,0.0015264342433454203
501,0-1-4-5,4,2004,2004,0.013895989311209873,103.22089582223703,0.0068092959141851294,0.004300730907365873,0.006038948641403863,0.0024556136763849838,0.0031824893802081533
502,0-1-7-8,4,2008,2008,0.02300601525335868,103.24390183749038,0.008693535423841589,0.006204378754246489,0.008215621258599981,0.004551687831010087,0.004945196328499435
503,0-1-4-5,4,2012,2012,0.017674447269158858,103.26157628475954,0.00840047388942342,0.00523490796009392,0.008215621258599981,0.0028593848661306173,0.0036936747886073817
504,0-1-7-8,4,2016,2016,0.02129129027832986,103.28286757503787,0.009173674921958593,0.006346305445916055,0.006805096421032886,0.004991846380245609,0.004991846380249854
505,0-1-4-5,4,2020,2020,0.019587927669085473,103.30245550270695,0.007257251790213553,0.004688232009103932,0.006805096421032886,0.0037368654013359946,0.0037368654013434366
506,0-1-7-8,4,2024,2024,0.020305460903157567,103.32276096361011,0.00532427843352998,0.0033609865508203458,0.005317401979368697,0.0023884356756139844,0.0023884356755985436
507,0-1-4-5,4,2028,2028,0.012908859273110584,103.33566982288322,0.00532427843352998,0.0031616535542818287,0.005317401979368697,0.0020201966475359343,0.001920800813714152
508,0-1-7-8,4,2032,2032,0.01173618228160942,103.34740600516483,0.004493105878888966,0.0029063723414030655,0.0030223427709898942,0.002223904695228676,0.0032917199237587624
509,0-1-4-5,4,2036,2036,0.01796470966172374,103.36537071482655,0.003627028400191378,0.0022813262660981047,0.0032306373698105517,0.001114862278401453,0.0021826775069300197
510,0-1-7-8,4,2040,2040,0.012673165098127175,103.37804387992468,0.005649342109159983,0.0033686155179593357,0.0032306373698105517,0.0032246256019511136,0.0033444989532256386
511,0-1-4-5,4,2044,2044,0.015506943882939018,103.39355082380762,0.004529937231853757,0.0029867327788892398,0.00401297887566443,0.0024261572857823,0.0024261572857966485
512,0-1-7-8,4,2048,2048,0.012948786808750811,103.40649961061636,0.0055440823365426745,0.0035117474721758283,0.005299804715420464,0.0029060809073719906,0.0040757599056249205
513,0-1-4-5,4,2052,2052,0.019543049638979806,103.42604266025535,0.005423438166035755,0.00348622137067518,0.004669151282598705,0.002256280189630787,0.0022811608993720256
514,0-1-7-8,4,2056,2056,0.022741717549222815,103.44878437780457,0.007201081864209489,0.004590320446214754,0.006472272130878309,0.003424079211029409,0.0036446923719992697
515,0-1-4-5,4,2060,2060,0.01868875512510964,103.46747313292968,0.008795748773836098,0.005976066517517775,0.006651271797466052,0.005013921214433253,0.004361316208495225
516,0-1-7-8,4,2064,2064,0.01450935296798009,103.48198248589766,0.008795748773836098,0.004830425905023105,0.005120765612147693,0.005013921214433253,0.0038046341545978635
517,0-1-4-5,4,2068,2068,0.02347362076999453,103.50545610666765,0.004588650591641081,0.0027739201955085694,0.0032755513497448874,0.002625449791471093,0.001738886344661239
518,0-1-7-8,4,2072,2072,0.01212337050454932,103.5175794771722,0.004588650591641081,0.0029793251583250667,0.0033653851099728627,0.002625449791471093,0.003105632121091162
519,0-1-4-5,4,2076,2076,0.020304617799930702,103.53788409497214,0.003607155527010779,0.0022636691333567313,0.002152692227952002,0.001976790820827332,0.0033588225617222633
520,0-1-7-8,4,2080,2080,0.013850195089608754,103.55173429006175,0.0038081565768304806,0.002782512656196302,0.003778777165209135,0.002099497447535078,0.003707629694986281
521,0-1-4-5,4,2084,2084,0.017168197671730008,103.56890248773348,0.004140366922317889,0.0029698866294492676,0.003778777165209135,0.002289518275296282,0.002780983691025085
522,0-1-7-8,4,2088,2088,0.023749825585157616,103.59265231331864,0.0060290322337340965,0.003041444612772632,0.003207595478215808,0.003418164591393109,0.004348793336198753
523,0-1-4-5,4,2092,2092,0.012326625423845727,103.60497893874248,0.0060290322337340965,0.0029234277808104134,0.0025234583956148526,0.003418164591393109,0.002565999199582336
524,0-1-7-8,4,2096,2096,0.014676666607503875,103.61965560534998,0.003809228576522919,0.002377479932484484,0.002964230209997254,0.0020076818243841945,0.0028831618481675036
525,0-1-4-5,4,2100,2100,0.01241973707882496,103.6320753424288,0.0039061910888018815,0.0028127109945678542,0.00389381055529725,0.0018943544364928102,0.0022462541379368872
526,0-1-7-8,4,2104,2104,0.015735938002611225,103.64781128043141,0.004727036640030218,0.0033285034334139965,0.00389381055529725,0.0024506247983069347,0.0022725722823366823
527,0-1-4-5,4,2108,2108,0.015127188228823023,103.66293846866023,0.005935066623035743,0.0034312920163491484,0.0032737065467216553,0.003171230038089595,0.003171230038084616
528,0-1-7-8,4,2112,2112,0.013716893547908098,103.67665536220814,0.006186484447838303,0.0032412257607810973,0.0040856394318922185,0.003517267930067156,0.0032561167297586735
529,0-1-4-5,4,2116,2116,0.015060296027328963,103.69171565823547,0.004637651733826334,0.0024548738559372557,0.0022910405748319818,0.002657093571101741,0.0032451929231527288
530,0-1-7-8,4,2120,2120,0.019078111056368162,103.71079376929184,0.007473599442543691,0.003216358304760134,0.005399916103300484,0.0029602657953919174,0.003614060160828103
531,0-1-4-5,4,2124,2124,0.016708167292884907,103.72750193658473,0.005123606820872094,0.002626929410575165,0.001747862868043626,0.0028622914999929163,0.0035244311772970605
532,0-1-7-8,4,2128,2128,0.024174392037726793,103.75167632862245,0.004809851505028265,0.002855323082408896,0.004085937599612066,0.002253109181447811,0.0025223440364712246
533,0-1-4-5,4,2132,2132,0.01132659189918264,103.76300292052163,0.004809851505028265,0.0030608425051019965,0.004085937599612066,0.0022676258204751823,0.002325990201569539
534,0-1-7-8,4,2136,2136,0.007184083469709472,103.77018700399134,0.005049421170553111,0.0030363671348332478,0.004070324640366607,0.0022055695315366147,0.0031516276916718766
535,0-1-4-5,4,2140,2140,0.011958688052666639,103.78214569204401,0.0055873040350245436,0.0037518845240834867,0.004070324640366607,0.003036217427038159,0.0038038702266192104
536,0-1-7-8,4,2144,2144,0.009423780473973806,103.79156947251799,0.004962500678125807,0.003201688511830598,0.003422583307099103,0.002842510012010006,0.0038038702266192104
537,0-1-4-5,4,2148,2148,0.010345913229095912,103.8019153857471,0.005149007556205448,0.003017978762440846,0.003123596953699348,0.002516082593890243,0.002157856009965542
538,0-1-7-8,4,2152,2152,0.022961012876481383,103.82487639862357,0.006840284824151299,0.003949183430279481,0.006735735782797292,0.002516082593890243,0.00348074982210278
539,0-1-4-5,4,2156,2156,0.022831170676843537,103.84770756930041,0.007424607803297839,0.003909968936518277,0.006735735782797292,0.003486389273779789,0.004168970404073491
540,0-1-7-8,4,2160,2160,0.026592603502414384,103.87430017280282,0.0035667303215602742,0.002493884442021601,0.002692874953496016,0.0013690217701522714,0.002709037937407288
541,0-1-4-5,4,2164,2164,0.01690869574233758,103.89120886854516,0.0058620005941923525,0.003020984604135888,0.0031705531051358093,0.003344900535984258,0.0033449005359926787
542,0-1-7-8,4,2168,2168,0.013685464991729889,103.90489433353689,0.004703468230457028,0.002967003461490194,0.002530020329118088,0.0024154432919278714,0.002693433533515588
543,0-1-4-5,4,2172,2172,0.01637856743336867,103.92127290097025,0.007380273597230753,0.004570857254852463,0.0035092332366133405,0.004228211511466847,0.004342493223127519
544,0-1-7-8,4,2176,2176,0.01891052788947671,103.94018342885973,0.00749424189790972,0.0048646040139284415,0.007237633369385321,0.003696031890591014,0.0035185982371501723
545,0-1-4-5,4,2180,2180,0.018490524796311802,103.95867395365603,0.00749424189790972,0.004054946430739557,0.007237633369385321,0.002983802624030771,0.002983802624008547
546,0-1-7-8,4,2184,2184,0.017564679124864292,103.97623863278089,0.0058782224787676755,0.0032930563071453456,0.005874664852555611,0.002401886715849763,0.004280688987215342
547,0-1-4-5,4,2188,2188,0.01619436031010599,103.992432993091,0.0058782224787676755,0.0035570878091791447,0.005874664852555611,0.0028332892049935474,0.002716133802522336
548,0-1-7-8,4,2192,2192,0.009313142013937159,104.00174613510494,0.0066691125358579835,0.004001108747711416,0.006318839781059182,0.0027466714115239542,0.003968703003430107
549,0-1-4-5,4,2196,2196,0.009750874985368075,104.01149701009031,0.0066691125358579835,0.003901393350467284,0.006318839781059182,0.002238074671428763,0.00343416171605071
550,0-1-7-8,4,2200,2200,0.025477793104318233,104.03697480319462,0.007479131297408978,0.0037156255316423436,0.002892810525963796,0.004186146749278911,0.0041861467492623206
551,0-1-4-5,4,2204,2204,0.017433170875583607,104.0544079740702,0.0049586375660631695,0.0031465271560044295,0.0023666164314732896,0.0027774716020769964,0.004104340537843143
552,0-1-7-8,4,2208,2208,0.016355113285141058,104.07076308735535,0.006521934821431598,0.0038641120206384027,0.0018926469188045303,0.0036936432223991433,0.004987748459292618
553,0-1-4-5,4,2212,2212,0.014256925282831324,104.08502001263818,0.010147941356777506,0.004566915902804311,0.0027545239483544037,0.005814312338878633,0.005035426474137239
554,0-1-7-8,4,2216,2216,0.0200519714309747,104.10507198406916,0.0043721546526706255,0.003158306789073004,0.0027545239483544037,0.002483079960336818,0.002951900858050749
555,0-1-4-5,4,2220,2220,0.013303865903476245,104.11837584997264,0.0062785978966539285,0.0031072223777345183,0.0022930364138034065,0.0035020975722983307,0.0033860406363785955
556,0-1-7-8,4,2224,2224,0.009226701578834904,104.12760255155148,0.00693492316733208,0.0029887716078419663,0.002708508283376432,0.003657887769483036,0.0039345423320753525
557,0-1-4-5,4,2228,2228,0.018705316346866167,104.14630786789834,0.007130850610784348,0.004152224477437761,0.005231243234945282,0.0035557283841311975,0.004017292374761894
558,0-1-7-8,4,2232,2232,0.01907704868379401,104.16538491658214,0.007130850610784348,0.00426327837953494,0.005231243234945282,0.003225615464840298,0.0038954405905400336
559,0-1-4-5,4,2236,2236,0.017284661504452178,104.18266957808659,0.005659785245808865,0.0034602433568727904,0.004931050840198736,0.0018973689537012382,0.0018973689536849747
560,0-1-7-8,4,2240,2240,0.01980397998298211,104.20247355806957,0.004639379994002021,0.0028386817073402025,0.003342246065031418,0.0025135442466831747,0.0034299737867726776
